-76.70827050624428
-12.565766551759596
-26.524597203380765
-28.33555505746668
-27.855669987383017
-20.490185158093173
-14.92852477247647
-4.234627590019257
-10.39287769549837
-24.165422073553565
-31.501559394904852
-14.742401317646724
-18.99483933132452
-23.65821926728133
-24.43481772176107
-23.923073813263933
-17.931489923745406
-10.784640782604622
-27.284755946434025
-115.22623478689464
-24.593789343293135
-15.864529899228046
-15.643401324382053
-17.58513058270877
-17.16243533181526
-13.767791251959896
-13.689674990077794
-13.288519622330854
-12.505366696728922
-11.898200861968121
