-106.38771233853778
-16.993161171296293
-27.461256984910648
-22.912361148376636
-11.718700747121668
-18.603091408911443
-39.006089483136364
-32.44663692568681
-89.65242638974668
-27.18363407411036
-22.314309127968993
-81.35725289515757
-84.91381279312415
-87.62052746361556
-81.1939520527677
-82.47375724825946
-82.46478216841942
-86.72123114265328
-73.07983903631319
-73.4188357639058
-78.44708940163864
-28.307625783139827
-69.91720607362667
-83.9391451162193
-79.45612858200145
-66.05593493120061
-78.22339531502324
-74.12843597325
-61.611120675533684
-72.42005910470075
