-9.468189920975517
-20.574507366952826
-30.83819227296548
-18.26347149079666
-37.434394791029455
39.91724348103499
45.46860632385188
43.5445414246153
-35.20729225519115
-6.4948279195322405
-10.338066334869087
-11.420215201387792
-11.595765611893787
-33.22060098643591
-15.184126200648596
-30.06507871633147
-18.861562443042764
-36.19540058759609
-19.491700152931113
-15.242694093014874
-9.097768026423964
-16.266642240806483
-25.557308738609983
-15.865012970598746
-16.154915626189986
-24.735058071065065
-27.367266318390737
-10.606951361283654
-15.366641678437578
