-1226.1159013139422
-1126.345387238205
-1039.753105570929
-1030.3172006476666
-1344.0365123618756
-1183.0354461421773
-1182.4845870745369
-1063.5760345260594
-1237.4442482209313
-1238.723914070992
-1128.7739611569277
-1250.889405695639
-1224.254803009484
-1153.089876730842
-1232.5261170480317
-1190.1843552071396
-1165.5153206418802
-1165.480044182816
-1144.1619191978484
-1160.6874288991069
-1178.456671347736
-1164.3021868328274
-1219.764754377471
-1145.9013476969733
-1169.7798523417675
-1152.8454132956247
-1123.9732835809948
-1108.5336804587057
-1144.5766301280976
-1064.3502344956203
