-1041.786209020891
-1174.0870951841546
-1227.5661230015098
-1119.1274975523163
-1116.1609700222587
-1165.8730834461817
-1210.465944700961
-1225.3518679429005
-1145.9726241835538
-1164.2796378778908
-1268.1606956327737
-1279.0606541486843
-1266.458343472127
-1283.3642278797608
-1264.6299670887245
-1261.5679071573568
-1252.5474308401615
-1302.2057527941834
-1285.243520480723
-1272.6760049346708
-1230.1086592732836
-1245.7929697913878
-1285.9054993255847
-1137.4323553227587
-1247.1308836164671
-1229.4695777280335
-1276.3970141977954
-1102.985646490544
-1281.9136371791737
-1178.0956676488806
