-1065.8369954062218
-1164.4801676069983
-1142.4278366269166
-1085.0946299575844
-1120.220211961396
-1150.6562485631746
-1260.2227544767024
-1440.821517374214
-1225.7668118863483
-1413.3123755376016
-1414.9523718085404
-1306.315858686591
-1457.514213623857
-1323.196796103191
-1643.8103514109903
-1486.63231691476
-1334.1998033778355
-1439.2786619230176
-1406.3890839996095
-1457.021208797373
-1491.6106221800162
-1642.2513336646264
-1671.5081004755593
-1390.0820555427692
-1401.997062305618
-1413.2520056224726
-1441.9053719551007
-1438.5403707442943
-1425.1611617299532
-1453.1616004074042
