0.4146569093078142
0.4146569093078142
0.4146569093078142
0.4146569093078142
-1256.6064918461088
-1188.7349590936067
-812.4109722775389
-723.8723097757235
-1081.629634462282
-1087.001185934252
-1125.1163290933187
-1025.6052824713847
-1135.419518990959
-1053.8784363630648
-898.8852839126972
-1010.3386582284583
-1089.7588969823726
-1129.2123129077765
-1046.9859620272005
-1038.7716369756613
-946.3683970273121
-946.529351545879
-419.1397938897961
-915.5747035757178
-862.4553087738027
-1077.0557343634998
-1057.5329491537857
-1087.2074238874034
-993.0173287309957
-1058.894943161938
-1036.3724742609386
-1069.430211511509
-1011.0944704892402
-956.5518986671245
