20.653601435704893
725.4817110704712
406.74322018611076
81.78281573796184
75.46341880927889
75.00014538323282
71.51978776223552
74.32330068891056
72.23333583613368
71.20486043920799
70.35326935411945
71.3906544824094
71.91779198984631
72.06045336626515
71.36941088397592
71.67273187147079
70.56622890671058
71.13743559251807
69.08005888749473
70.75619599821827
70.34869837123041
71.37516439474891
73.27603162395278
69.9001804976693
69.85301354805311
72.21836995879892
69.91130013954195
69.55052326820626
71.43103267493245
71.31855634035256
