20.6946647221609
727.090262032234
100.43794173213847
73.88119759771514
78.0824774613681
74.96960744228217
76.62855897293757
73.68138546297561
74.43310313446013
74.61238333546505
70.10206846229
72.62672999752432
77.03022740456436
72.70874124642225
398.71276617878266
71.96646395674483
74.98800200223602
72.7784646423702
72.29742961137423
71.54448573117895
72.0836197704293
71.27235224409361
74.65318660597052
72.17934385306168
75.33609495222703
74.06712273219365
77.39254750810565
76.38986529831739
71.26553064805083
69.74088307893089
