1.2694825477345146
1.2694825477345146
1.2694825477345146
1.2694825477345146
20.57232072811527
87.64818473919115
90.13726390833605
94.21288071768721
99.79656669961564
91.86902411874483
111.98396440135866
182.5059878782801
180.3608279625719
117.8482173437332
187.84224822642858
198.57516334729297
213.9949325863028
168.86734914376478
164.97325717267262
235.87283508756747
246.9444419284496
207.6766759225295
246.02948132860155
207.712670525716
211.56687963738875
421.13506434475096
227.07128322491752
254.7345547618768
653.0557394903607
288.011861552061
321.2517775693897
345.8073632212012
147.79843942008696
186.4542845348826
