17.318958044279956
23.089485419558322
23.4301625797635
55.330557383988946
46.92412655576913
79.66866976494185
79.50881384139375
79.04241305527285
71.73264861834873
82.63319728426276
82.23479853857424
76.85532644953749
76.37347840323609
81.29459212851681
75.36499773424951
77.8239154054257
74.19569511743448
77.9670372399527
84.58570483113142
78.97637615936455
80.19562042467705
79.85270287610965
79.22371624016105
78.33267587767767
81.48598789137222
78.84209314062299
81.02842121880677
80.77830868362034
80.67577139329433
79.16330274133571
