229.7956555252457
139.39966336944565
491.9019181176643
477.61413815638167
309.6170700264862
12.091963432991726
236.89470525544172
-90.93066271954733
321.5524796843992
-110.3841522854855
12.854467657232838
3.5244379377734356
205.7589948427953
-111.66350752582505
-122.73140554562546
-63.03293207619643
-64.21360578694731
-331.4048450132497
-667.6533260878259
-1125.5416643425804
229.7956555252457
9.471032101978288
7.124701720753172
462.3469161212556
7.570237425122439
424.08429278994174
12.389770317536911
13.081429172198874
490.17930789639433
8.900102565889755
15.457414120235345
184.78257960787755
177.653878218995
368.03631117139304
46.01519747241986
344.13494439766816
69.38460769829402
168.6386505623133
114.25198853289606
12.28731091022578
523.7635742888858
523.7635742888858
476.05334586834505
-1570.7158993328012
-8871.786679562647
-4372.725524102814
-3011.544631111546
-73.38974890065732
12.808767693948177
-57.0432516647271
-671.766142965167
-72.64696381206741
523.7635742888858
476.05334586834505
-1570.7158993328012
-8871.786679562647
-4372.725524102814
-3011.544631111546
-73.38974890065732
12.808767693948177
-57.0432516647271
523.7635742888858
523.7635742888858
523.7635742888858
523.7635742888858
523.7635742888858
476.05334586834505
-662.0482300058079
-545.0806738131649
-163.08444940386835
523.7635742888858
523.7635742888858
523.7635742888858
359.05356506598895
450.13763110565037
387.0669661802355
319.12731708114705
435.67175493347963
140.0233213673592
352.3716178199214
329.02455268568735
762.6626759874171
220.64503803686824
278.0675404819045
286.4397759483068
324.20301925550257
331.57370715823816
346.04078120497314
351.05821790395265
450.1814960830992
36.25106745363156
616.9104947996832
373.21761152073
425.55424705111204
419.94679064140837
313.72341181980585
550.1136699302704
312.1419365745678
299.2582796257907
332.2321787177049
192.59387312451867
381.70205079457725
585.3028537359899
