-108.25134248731301
-114.10419937534506
-115.02365282989341
-26.548284686181674
-108.25134248731301
-113.73028185702275
-123.18387136355187
-118.81862646673999
-121.51460659927558
-86.71689853464979
-70.72691162953754
-120.52408103509185
-124.56217888345937
-125.59152572308611
-120.75872421448689
-123.18638420754311
-129.73757490633918
-121.63198140067774
-120.4219546139523
-115.24127695044315
-95.31062787242855
-33.628560181860166
26.59767846215895
16.719645214159506
-108.25134248731301
-114.10419937534506
-115.02365282989341
-26.548284686181674
-38.557295463218615
-118.99875729113262
-113.68507906245736
-116.6078449273744
-110.75166519455114
-116.46077510957907
-32.8183824953443
-76.12080665643637
-102.24512162243946
-10.717307701212043
92.83972603449226
-13.007490535238794
39.51542819153614
100.21274225374393
119.37750054289086
149.89636263277387
-91.78318140203571
-91.78318140203571
-91.78318140203571
-91.78318140203571
-91.78318140203571
-91.78318140203571
-91.78318140203571
-91.78318140203571
-91.78318140203571
-112.81561561332094
-76.35950723399576
-33.353846593842654
-62.717778282030466
6.767593199328475
57.90005239131237
125.38186140075034
32.76165372195484
46.88033215859378
32.442552815048025
11.063223033205002
-91.78318140203571
-112.81561561332094
-76.35950723399576
-33.353846593842654
-62.717778282030466
6.767593199328475
57.90005239131237
125.38186140075034
32.76165372195484
46.88033215859378
-91.78318140203571
-112.81561561332094
-91.78318140203571
-106.48044625465468
-91.78318140203571
-91.78318140203571
-69.90001731495659
63.46947758092802
-10.469204383495184
3.358307865506807
-1.0385575151119857
-91.78318140203571
-91.78318140203571
-91.78318140203571
-91.78318140203571
-91.78318140203571
-91.78318140203571
-91.78318140203571
-91.78318140203571
-91.78318140203571
-91.78318140203571
11.549809530807046
22.920326759574355
-87.80577616669844
-86.97493320629573
-65.5411755056519
36.14114378284376
-44.9138115324654
-23.195069703440986
-32.36667293154085
-88.15716079322698
13.484367894508926
-8.796502524963785
-91.78318140203571
41.142426477281724
43.76681943899243
-87.55450190440979
-103.19613867788638
-69.09169351816021
-60.231841300107625
-103.19613867788638
-106.62602848569551
-56.39196418475226
-59.5571577324465
-9.006479203712043
-111.50230638221011
89.17916628487549
107.3179088550694
42.201589998785494
-22.732016312367932
55.63692394530807
129.17162647012316
63.191346142551026
-69.27878269591977
-52.032806970085794
-78.33083952188517
-4.790738963376299
-41.111339833528746
227.27409327878215
-46.38668105398997
190.82931463825656
191.05886789080645
162.06720568643192
247.4826479419158
232.77601233617824
103.36001942266435
265.31522070242784
27.11079116746511
-9.608379880715177
-106.03946948353357
235.09186335568518
-22.15167202808155
290.77868084915946
-58.44863188728395
262.0727736044447
213.05648346322923
-6.4796943058071435
-110.02313283497716
36.759530440607506
-26.490505321072803
269.3535816318533
221.54791233015914
37.6460062451705
-103.19613867788638
-106.62602848569551
-56.39196418475226
-114.39288861231692
-113.75748598795073
-39.30809188274993
-64.9116175265601
-121.10175374228879
-79.47832861865038
-87.41111649529759
-60.5915702860967
-87.90248448491518
-57.70372312861092
-106.20530494110814
-90.3617853015506
-115.36998314118401
-172.80125722428045
-121.03495319268853
-90.1213071521288
7.1198263248599165
-9.400788165669567
-2.9980229909816956
-54.25816993130495
227.8907555968257
-84.89262785139744
-52.07511012848198
-31.29823249901142
55.45224186949149
99.38372429720374
-26.967128660582944
-64.30604637826885
-36.061865017682564
-62.257145292030025
5.228150436522128
204.7799009300664
-40.1925736105786
185.7091211942734
-29.093981282400854
-1.233417035740423
-103.19613867788638
-106.62602848569551
-56.39196418475226
-114.39288861231692
-115.65000349170465
-37.3866740235261
-41.35203560730317
-42.20009999368774
-51.41051101282858
-58.74338805182955
-58.591845716680226
-125.66665179007191
-61.356685967985776
-104.40305047475485
-113.13295461413574
-52.69079950009713
-103.19613867788638
-106.62602848569551
-56.39196418475226
-114.39288861231692
-119.00210600808573
-71.97611186513431
-68.72533768701824
-21.178835479044537
-48.73802866898541
-51.405718616031436
-95.82369327071977
147.10914811056406
-103.19613867788638
-106.62602848569551
-56.39196418475226
-59.5571577324465
-9.006479203712043
-111.50230638221011
89.17916628487549
107.3179088550694
42.201589998785494
-22.732016312367932
55.63692394530807
129.17162647012316
63.191346142551026
-69.27878269591977
-52.032806970085794
-78.33083952188517
-4.790738963376299
-41.111339833528746
227.27409327878215
-46.38668105398997
190.82931463825656
191.05886789080645
162.06720568643192
247.4826479419158
232.77601233617824
103.36001942266435
265.31522070242784
27.11079116746511
-9.608379880715177
-106.03946948353357
235.09186335568518
-22.15167202808155
-103.19613867788638
-103.19613867788638
-106.62602848569551
-56.39196418475226
-103.19613867788638
-103.19613867788638
-103.19613867788638
-103.19613867788638
-103.19613867788638
-103.19613867788638
-103.19613867788638
-103.19613867788638
-106.62602848569551
-103.19613867788638
-103.19613867788638
-103.19613867788638
-103.19613867788638
-106.62602848569551
-56.39196418475226
-159.5974584183473
-74.55675211936594
-103.21996022307579
-76.19097901116217
12.002335687474456
-91.10340798466203
-99.5915940989765
-103.19613867788638
-106.62602848569551
-56.39196418475226
-63.56283563648685
-34.502243436472675
-0.9704600444280087
-17.96562720071256
-36.97652446105831
-0.22142044246848264
-43.47977355259343
14.449370853219804
52.56420660491964
-98.74703312269132
21.058638378071993
-16.96760511492092
-2.230442484125959
0.8907820548146093
56.341804601839556
-67.29859443944088
124.27780317100343
56.90763449226881
-26.543279885381097
288.17869117114265
-2.491510228379383
-41.354589709741205
-18.97783023060127
17.78285013954938
236.3715308770006
-39.69764320015595
283.53243024627153
303.7774583539025
-102.19287398763932
-98.90282633082568
27.993259872492246
79.53765144946169
130.46480583584787
287.3621300127724
129.4448563953288
290.30237620841274
300.64949838638256
299.37116276881335
-103.19613867788638
-103.19613867788638
-103.19613867788638
-103.19613867788638
-103.19613867788638
-103.19613867788638
-103.19613867788638
-106.62602848569551
-56.39196418475226
-103.19613867788638
-106.62602848569551
-56.39196418475226
-103.19613867788638
-103.19613867788638
-103.19613867788638
-103.19613867788638
-106.62602848569551
-56.39196418475226
-57.6649055934702
-103.19613867788638
-103.19613867788638
-106.62602848569551
-56.39196418475226
-71.40309674504809
-29.111912755282273
-65.1639374505446
-103.19613867788638
-103.19613867788638
-106.62602848569551
-56.39196418475226
-106.56025028649904
-69.16138274760306
-113.51574632699695
-105.5448788346195
-124.73435471908749
-123.81860675856471
-112.22661774560825
-103.19613867788638
-106.62602848569551
-56.39196418475226
-111.22827617581251
-97.73265605075365
-114.47924578900108
-100.7373257984064
-108.09929901296282
-104.80628750410645
-69.1858825284028
-93.06846968915421
-113.06392139671867
-109.7966296558703
-122.95420628727229
-104.7597379556975
-131.70833707716795
-43.63250770966701
-142.90231601697425
-98.66627244775556
-103.19613867788638
-106.62602848569551
-56.39196418475226
-73.37195524672694
-102.53343458816282
-106.70380934803933
-82.42703447055342
-118.40696354120224
-124.37704074308462
-102.47453042964172
-99.60976819486234
-76.49928655552867
-120.08092831993041
-115.54628458682635
-46.980585297685906
-88.6895139994575
-117.18344283717312
-103.19613867788638
-106.62602848569551
-56.39196418475226
-105.19779900468646
-109.3469965884254
-70.82571361327189
-101.62692383000379
-119.39273693079252
-108.88524707672319
-101.0452053147424
-105.03693288881719
-100.7393568373217
-100.42039157128086
-134.88993613622773
-104.38655795581205
-99.0139309846287
-102.94234631339398
-82.65960213593627
-80.78233630818926
-104.96814994304317
-133.89769112520668
-101.33036859428184
-132.35452265123368
-105.46295739330259
-103.19613867788638
-91.78318140203571
-91.78318140203571
-91.78318140203571
-91.78318140203571
-91.78318140203571
-91.78318140203571
-91.78318140203571
-101.83913838302192
-108.35324708478946
-56.83686039751323
-45.13764935466942
-70.87849603440844
-88.2933484503038
-112.24601426388743
-77.84625809230003
-99.0155678830006
-109.63367904403651
-100.68987614413705
-109.18071212080852
-73.84337510174609
-105.80146068484883
-106.17100763589157
-105.53417114839466
-105.13174132742209
-60.140421224291906
-103.19613867788638
-103.19613867788638
-103.19613867788638
-106.62602848569551
-56.39196418475226
-103.19613867788638
-106.62602848569551
-56.39196418475226
-50.89623751910311
-61.347156768270146
-102.88023998328035
-79.75883758504254
-85.2744588291254
-105.76791237711316
20.677756403400085
58.24425286918409
251.31254090671388
-103.19613867788638
-106.62602848569551
-56.39196418475226
-50.89623751910311
-61.347156768270146
-102.88023998328035
-79.75883758504254
-85.2744588291254
-105.76791237711316
20.677756403400085
58.24425286918409
251.31254090671388
-103.19613867788638
-106.62602848569551
-56.39196418475226
-50.89623751910311
-61.347156768270146
-102.88023998328035
-79.75883758504254
-85.2744588291254
-105.76791237711316
20.677756403400085
58.24425286918409
251.31254090671388
-103.19613867788638
-106.62602848569551
-56.39196418475226
-50.89623751910311
-61.347156768270146
-102.88023998328035
-79.75883758504254
-85.2744588291254
-105.76791237711316
20.677756403400085
58.24425286918409
251.31254090671388
-103.19613867788638
-106.62602848569551
-56.39196418475226
-103.19613867788638
-106.62602848569551
-56.39196418475226
-103.19613867788638
-106.62602848569551
-56.39196418475226
-103.19613867788638
-106.62602848569551
-56.39196418475226
-103.19613867788638
-106.62602848569551
-56.39196418475226
-103.19613867788638
-106.62602848569551
-103.19613867788638
-103.19613867788638
-103.19613867788638
-103.19613867788638
-106.62602848569551
-56.39196418475226
-93.0998302148912
-28.339591186538943
-5.348832823822133
-49.75370016666952
39.8339731207
112.64331465214312
-41.79605128583352
-103.19613867788638
-106.62602848569551
-56.39196418475226
-78.8052611508849
-88.45318094267446
-64.57559196393133
-90.13153242753539
-44.04341558158841
-103.19613867788638
-103.19613867788638
-106.62602848569551
-56.39196418475226
-13.744520360965035
26.0891305061135
-88.55912691969512
-4.251973155987829
-29.21613088489967
14.582242707789433
22.54741513739126
55.435284041819095
19.838087140248224
-80.6370276972704
52.23359350004814
-52.354528902980675
260.4553237442753
33.45255816676132
46.975644042295926
222.1748079847529
-76.72842177071253
-101.3187854562169
-103.19613867788638
-106.62602848569551
-56.39196418475226
-87.93931167302773
-104.78701345805452
-45.24606640261524
-53.70371196335118
-103.19613867788638
-106.62602848569551
-56.39196418475226
-87.93931167302773
-104.78701345805452
-45.24606640261524
-53.70371196335118
-103.19613867788638
-106.62602848569551
-56.39196418475226
-87.93931167302773
-104.78701345805452
-45.24606640261524
-53.70371196335118
-103.19613867788638
-106.62602848569551
-56.39196418475226
-93.25289874617398
-19.04661911683804
-49.987573457632585
-96.71375287915868
76.70604512387877
-107.57138109949153
-22.51250459948036
-116.8225329416624
-25.373627489131774
-120.47583224468174
-103.19613867788638
-106.62602848569551
-56.39196418475226
-93.25289874617398
-19.04661911683804
-49.987573457632585
-96.71375287915868
76.70604512387877
-107.57138109949153
-22.51250459948036
-116.8225329416624
-25.373627489131774
-120.47583224468174
-39.40356521364353
93.38713834286027
143.9885153309236
-116.78100368879969
138.21208017269848
47.69989287525712
-32.94456403830446
162.65976889236867
86.58660526846585
4.12924044961521
3.6650539094621735
75.50267074848372
-103.19613867788638
-106.62602848569551
-56.39196418475226
19.770791168288394
-109.66061435567913
36.91191441669971
89.55561423464997
-108.32236944689106
-44.05359023415321
-9.736102477697045
-61.31498979067058
83.0031609746674
218.69694384521495
-57.598620337395786
-38.022172170106195
-97.42376655728494
-41.5505795113404
-25.791255022282087
146.11463161380718
-26.58374068188418
-96.72749581189373
-103.19613867788638
-106.62602848569551
-56.39196418475226
-121.35357516708847
-116.61034851312678
-17.841657601994243
-55.373629196339515
-40.2077804446137
34.236063465228966
65.93049329665331
-113.70013128604833
-47.69713658324413
-21.819141477106783
-114.47951644613966
158.92813410703417
198.37658719738758
280.3608386973226
-33.1103245594626
-65.05366366521937
284.91924435192715
-111.43878472318873
-47.51040340777372
120.87548771227269
176.5524297914946
195.2181786143153
-26.717533367314445
206.64789165461642
-19.983322292052847
299.03896241048415
220.91312295462436
201.65825726471348
-97.10365001964173
-29.239007782738227
-0.9561064883331767
-63.744614764958264
57.37149887122135
-1.3872432913210702
-61.49814230847705
-134.20512914199912
-0.98062018996985
-102.68384857897891
-43.90804548437963
38.910420414680175
-112.72848949012472
233.7790514707947
0.5032809140564609
241.29350397928326
-28.87841609350606
277.0233389152443
303.6615281935886
-91.78318140203571
-103.19613867788638
-103.19613867788638
-103.19613867788638
-103.19613867788638
-103.19613867788638
-103.19613867788638
-103.19613867788638
-103.19613867788638
-103.19613867788638
-103.19613867788638
-103.19613867788638
-103.19613867788638
-103.19613867788638
-103.19613867788638
-103.19613867788638
-103.19613867788638
-103.19613867788638
-103.19613867788638
-103.19613867788638
-103.19613867788638
-103.19613867788638
-103.19613867788638
-103.19613867788638
-106.62602848569551
-56.39196418475226
-13.277678385453171
-103.6245340157474
-61.60581577236634
0.11415636569458135
69.76281862760644
-92.15661611074903
108.76825449844621
-58.25823059042538
-17.985332356880193
149.87374708185817
-91.07615639376951
-57.387217529980724
-0.08439623828662945
-68.9536450191076
258.1429763967423
186.02052576598422
-26.257887887061727
57.11384040529873
-61.5905485465141
-48.64577146048662
-36.506583987181514
22.223507157810943
-24.59206661143297
-9.117583625683764
-58.95255811453558
261.33847223008894
278.7545720354889
295.2342148465164
-15.209813684788855
254.13410646183243
166.90736432516888
-81.94133420066379
293.4769962365832
3.257639708211684
83.88627859643896
-10.883747703929302
17.19470431349835
299.8300259127733
245.1444243340229
-61.33641192268936
288.89472463389546
255.51624720817884
275.6606362808907
92.78664168600287
-103.19613867788638
-103.19613867788638
-103.19613867788638
-106.62602848569551
-56.39196418475226
-116.38758113178145
-44.17509982252758
-76.37254074351426
-66.53118804633831
-58.23043862969481
-64.69390540015762
-19.16416897343281
-64.88187107468175
-66.42893777683213
-19.735830695689145
-74.36097433065142
97.54499051811581
-28.632711084981437
-5.805765201269708
184.8689713787887
-103.19613867788638
-103.19613867788638
-103.19613867788638
-103.19613867788638
-106.62602848569551
-56.39196418475226
-103.19613867788638
-106.62602848569551
-56.39196418475226
-103.19613867788638
-106.62602848569551
-56.39196418475226
-103.19613867788638
-106.62602848569551
-56.39196418475226
-72.01640303235284
-113.09443772007742
-68.63172657745956
-84.30768826023817
-65.99151057508729
-14.465402580012238
-33.77744270624862
-64.3306620961285
-6.593125037495523
12.51223885091409
145.66713311397055
-44.16989418927126
-11.721409198634658
144.29388851507284
114.03616565817569
63.51162421278349
79.19283160748515
171.09771877748815
161.2098217849548
-35.318921422682934
-46.797044294347955
-102.97478937702027
241.35284508501587
268.3766601281577
230.68405409987352
252.07200441356625
-79.7511887488862
13.336449233191928
274.18614754560105
-90.07764178802579
212.08953303958492
271.4137242322326
260.409694292536
-60.12944087044453
-20.335243511277824
114.40038486149234
245.113711336824
-103.19613867788638
-103.19613867788638
-103.19613867788638
-103.19613867788638
-103.19613867788638
-106.62602848569551
-56.39196418475226
-72.01640303235284
-103.19613867788638
-106.62602848569551
-56.39196418475226
-72.01640303235284
-107.50808612179631
-103.19613867788638
-106.62602848569551
-56.39196418475226
-72.01640303235284
-103.19613867788638
-106.62602848569551
-56.39196418475226
-72.01640303235284
-103.19613867788638
-106.62602848569551
-56.39196418475226
-72.01640303235284
-103.19613867788638
-106.62602848569551
-56.39196418475226
-72.01640303235284
-120.83388749587226
-134.6191661514804
-115.30303000279395
-59.58308623311232
-19.320079686629533
42.7289061690029
-73.11203195195334
-61.67408395716359
-55.66898057192193
-115.67770110538292
-37.15020740949861
20.08169886793819
-39.20509372956613
42.12732082781332
-94.26162267419882
-112.97622171700684
15.584876485430357
-106.79819433910586
138.5583523496865
253.72644302368354
-106.29460984490315
-50.65771101590551
-92.35020188442432
-103.23816807993254
-10.939752169556968
-99.72805761400609
-107.76326109820728
-101.67228149672039
-104.62416583872773
-121.49448041099744
-108.90702028386544
-98.90453274959201
-49.66173917843178
-111.28443909820759
289.23869065453397
-108.72853109303861
-103.19613867788638
-106.62602848569551
-56.39196418475226
-72.01640303235284
-101.96975269024291
-76.15841396717478
-25.001714243831998
-78.10546692201744
-40.9884976639828
-26.801860266392993
113.04129791492551
-92.20185999269815
103.44283105601504
93.55017886364496
39.435181841995835
75.87413129810264
122.00897482883484
-74.11535504715582
-64.12514753342265
48.14355572962751
-82.33686283824625
101.95103848870183
-69.00124691533438
-103.19613867788638
-106.62602848569551
-56.39196418475226
-72.01640303235284
-103.19613867788638
-106.62602848569551
-56.39196418475226
-72.01640303235284
-103.19613867788638
-106.62602848569551
-56.39196418475226
-72.01640303235284
-103.19613867788638
-106.62602848569551
-56.39196418475226
-72.01640303235284
-103.19613867788638
-106.62602848569551
-56.39196418475226
-72.01640303235284
-15.329974127113333
-81.36683291968299
15.742966833665495
-81.89794277778765
-57.21944716558543
-68.7556751659581
-38.23121540825815
-69.82390354596328
-85.31232389452494
-67.83354344387476
65.99435455317172
58.726537661488265
-61.05765625069438
58.24805968381601
-52.94654038651098
-40.40006600152277
-4.339869063370614
-83.80397943593344
-73.81155288877275
-35.80274259701132
27.0658352321296
-100.46879145933191
16.408518089106664
-69.82237805329606
-5.6552167447694615
-85.79716781822529
-50.17033910409493
35.243338493997214
44.06964333669171
73.39373251321288
7.232360087005404
0.8080646657998756
-116.89894561976692
247.80443335637932
30.801912665305707
271.16042814151757
-103.19613867788638
-106.62602848569551
-56.39196418475226
-72.01640303235284
-135.75151238556782
-36.17635804245777
27.00650334344584
-22.68088389927921
-83.91539992889203
-80.34743495783209
83.90147885744008
122.59933555614387
131.17645845582513
-66.85490873045569
-55.54718013500407
211.11730971704688
-109.66639046612755
47.696212896974004
115.1627604325885
250.94265684185663
-96.80536426224388
20.622662054929265
177.73179036710533
244.97219672088858
267.7374114725749
-81.13297250370682
-114.16189464366809
146.44649390863947
286.5418526626884
103.09554984620411
246.8782568921308
-4.148589238339582
263.2531864588246
66.02652649321499
288.47963186421936
287.2431294014603
232.84706751220543
17.939670866610257
150.18411288718028
268.31337344194293
290.6193742843357
-84.84414358223727
12.97779393727032
281.759634271316
-123.05201731534248
240.52464975572093
-103.19613867788638
-106.62602848569551
-56.39196418475226
-72.01640303235284
-119.71553843825342
-80.8797589260869
-118.75972075749624
-110.90969861597071
-92.94460584921265
-76.23721984119403
-91.37498810155378
67.03582694258782
-78.21814690627468
-56.80597496235555
-54.04550970584901
-104.15940329357858
23.444985954584624
117.45189694194002
18.070922124146733
-45.20612036804545
-85.65673728040358
-41.65823083134307
-66.88543346003877
282.0465880858555
292.3659468360617
-23.48764649211735
224.57313723674682
-30.34051756942584
-46.714113767473016
1.4020469741716397
-72.98677751133775
290.56137091576375
135.79147274756107
128.87284747570504
256.7995980609218
243.39889861005756
-97.81922335008532
-73.11344401303744
127.15435001926281
280.3658675391397
-67.12382193387982
-47.28565112303073
-98.07329923980745
-13.096887024759624
125.11100011035302
-90.55061426125654
-103.44385632478694
71.46339462519657
-86.78372235342736
288.74632186003265
134.1124485169654
-48.653146278250055
1.3638309231177175
-92.90676093645642
-91.67514176938683
-80.6814442983456
-44.00264334283334
7.838046407108465
142.80389172317845
-34.02445576988603
242.38577593689118
292.5595671290898
-103.19613867788638
-106.62602848569551
-56.39196418475226
-103.19621600497887
-103.19621600497887
-103.19621600497887
-103.19621600497887
-106.62596983472505
-57.134889006625784
-56.80115235734981
-100.30821330458856
-128.74710661715332
-95.65742289986275
-77.765076562165
-113.50013832255453
55.81797013298126
-99.19747459199341
192.3832877554213
-71.85467846629831
49.001231968386094
-41.89611111964472
247.97354941603925
-103.71206538753025
66.13073661310952
-90.48984595682535
-95.51527165628163
49.1460483894534
-80.81715863808401
-55.377520596157744
268.8744845715361
1.7831966202500382
-100.37975100109105
-100.27047128436715
-29.523640507147306
95.13254237390547
55.981230855474365
-107.32389169762098
-104.89778865705554
-92.20238403758717
-50.8758012258901
4.854564830024344
246.70581354472537
-9.663741870293421
96.7466269187922
-4.374114849395141
270.30042559860686
9.54310946846104
-99.93471718648945
-82.96034349820857
100.01594782041397
123.50025190149867
291.81299587209526
-100.8345681166177
-55.10380878982197
78.89146766114115
-102.95289441987934
-74.85045310725769
-108.51349494436073
-105.59206300040707
-37.293738002727444
137.8881073407894
74.51832416977837
-89.95241122908952
-96.17894977887036
263.3056413123306
-38.09647297008398
-94.28448795823722
-75.32351492355362
-44.54749766608449
293.2560599182015
-37.84368471218662
-87.46294565807531
-103.19621600497887
-106.62596983472505
-57.134889006625784
-56.80115235734981
-103.19621600497887
-106.62596983472505
-57.134889006625784
-56.80115235734981
-100.30821330458856
-128.74710661715332
-95.65742289986275
-77.765076562165
-113.50013832255453
55.81797013298126
-103.19621600497887
-115.85048427670324
-103.19621600497887
-115.85048427670324
-103.19621600497887
-115.85048427670324
-3.071291597209253
-121.4881559562857
26.855056835202156
-103.19621600497887
-115.85048427670324
-103.19621600497887
-115.85048427670324
-103.19621600497887
-115.85048427670324
