-930.2400049518964
-981.2085767059907
-1248.5495068742791
-785.3197653105102
-1049.9193779223497
-1031.2576677162635
-1006.0612463427368
-989.5949619348586
-1126.5639929844583
-987.2385559867157
-1011.4230538222789
-930.2400049518964
-1093.3955074543755
-1199.6665828632838
-1211.0498832171238
-1053.9258979352671
-987.8676050519382
-1075.64034402821
-768.0933375526367
-1242.4583031522216
-1008.4996886277218
-1179.288221597165
-1255.0810144116413
-1055.333109789788
-1199.9375191515762
-1208.2280343868504
-1105.211682853638
-937.8170388583917
-1016.8178513706496
-1115.363427739037
-930.4695218928806
