-1128.1485240440795
-1069.3569831660802
-1126.5491689799762
-1203.8089584413008
-948.4901547353179
-1101.0149382163313
-1042.7575303358524
-1169.057521814877
-1007.4904583740574
-1082.41111033195
-979.5706313338453
-1102.3184426981586
-1219.5031559070749
-1085.689770266252
-632.9727046095325
-357.77865022788177
-328.332808492826
-678.8401795699656
-871.6989082767194
-976.9758875427509
-1128.1485240440795
-1083.131264137426
-1036.8594810212421
-1200.917876178667
-282.2236454939632
-1710.605085608498
-1389.3737635701962
-1298.6263008928229
-1714.620757265952
-1856.7398606268875
-1307.9740059820786
-1192.9452006012634
-1183.5418879299698
-654.6509017175055
-46.450371499436706
-1079.8065650928904
-1048.8907979356027
-1063.9591225415465
-1096.8712376334188
-892.7739148362338
-1411.633067167418
-1195.2744677689411
-1333.3632500231704
-1125.2712865411265
455.7931854491252
-896.441520938907
-760.8204096481783
-515.9851561011366
171.502648510541
-450.8374709420488
170.85859332118824
93.7701204228082
-695.5576765791827
-740.4029564383268
-337.2114860008105
-1152.4743028351577
-1358.3422090377744
623.360322176949
-858.5293289331626
532.5018804392686
-279.94308840953033
-398.6314512026133
-1327.0004525923869
614.4407295452256
-241.429040811317
-300.91724018355865
341.38568338165817
652.0519326932877
13.423387614667856
-332.03735973283483
-664.2682271906882
-1411.633067167418
-1195.2744677689411
-1411.633067167418
-1195.2744677689411
-1411.633067167418
-1195.2744677689411
-1411.633067167418
-1195.2744677689411
-1411.633067167418
-1411.633067167418
-1195.2744677689411
-1411.633067167418
-1195.2744677689411
-1411.633067167418
-1195.2744677689411
-1411.633067167418
-1195.2744677689411
-1411.633067167418
-1195.2744677689411
-1398.299
-1398.299
-1398.299
-1398.299
-1398.299
-1413.4126
-1398.299
-1413.4126
-1398.299
-1413.4126
-1398.299
-1413.4126
