20.572320728115173
12.174080596335981
52.87996909958805
39.60802028690084
32.80242628313756
53.67363194913601
30.064771560804786
47.48215073958402
53.03971551083992
90.61673653265065
62.297046124709674
65.36679900386412
86.06801120883767
81.78671545817443
98.87137279689951
641.4994845356257
127.57082008570917
375.87798208359527
390.62278266697183
173.11610661371319
20.572320728115173
9.142807051461354
-0.502580513835366
26.978309883532365
34.06434961856188
37.336141052300164
41.51174594250055
40.82549907532679
58.64285336045897
26.851195259650012
36.92325019435315
44.32833505814348
47.9809261643335
37.970477948782
28.391760106503433
56.645101943527756
51.87816861041486
26.872157802236146
51.74975064259698
46.757859242553245
18.135717426698825
18.905747158695885
18.398034801517497
21.553613315953406
19.362466697359928
24.137316441370064
22.64577171899873
19.98805880465661
23.772556338839056
21.23635853445448
19.89143133778998
21.575045183851035
23.587646589570795
18.794507625247935
17.669026959416808
23.026519408251627
17.88354545954062
19.189684703067176
20.982509899049184
20.6237871000485
16.11355542285746
18.20814356222545
22.57224843880395
17.80229734726454
22.64486999004875
22.547565812371616
14.737453815246408
19.980805310193677
16.88410876433918
18.887378837642608
20.107240446857762
27.175147004635072
40.132790981375734
20.00890057739452
18.294511180270636
20.16781514298491
22.513788445242973
18.384761002424057
44.79276839008961
33.135300015562095
12.750100616570856
12.62224708020804
28.597494110978726
22.991960713088336
18.540905931219463
10.185864373655928
16.333446983720926
50.12376170891803
-23303.581953678735
23.095286667188336
11.572734925871192
16.883878960421136
-5.664713888871484
2.8341259627992255
8.491308737677173
12.189262214628977
50.424435492185886
39.73578807760059
-23363.13070379049
32.84759123163533
-3.1158931280085673e+22
56.77529820744968
19.339824146981115
21.73282252374483
31.94691200576635
24.53600757205568
29.908409971631773
97.88969315954891
41.693496123263316
31.582597688623352
33.68746806082637
118.01499066741526
18.135717426698825
18.905747158695885
18.398034801517497
21.553613315953406
19.362466697359928
24.137316441370064
22.64577171899873
19.98805880465661
23.772556338839056
21.23635853445448
19.89143133778998
21.575045183851035
23.587646589570795
18.794507625247935
17.669026959416808
23.026519408251627
17.88354545954062
19.189684703067176
20.982509899049184
20.6237871000485
16.11355542285746
18.20814356222545
22.57224843880395
17.80229734726454
22.64486999004875
22.547565812371616
14.737453815246408
19.980805310193677
16.88410876433918
18.887378837642608
20.107240446857762
27.175147004635072
40.132790981375734
20.00890057739452
18.294511180270636
20.16781514298491
22.513788445242973
18.384761002424057
44.79276839008961
33.135300015562095
12.750100616570856
12.62224708020804
28.597494110978726
22.991960713088336
18.540905931219463
10.185864373655928
16.333446983720926
50.12376170891803
-23303.581953678735
23.095286667188336
11.572734925871192
16.883878960421136
-5.664713888871484
2.8341259627992255
8.491308737677173
12.189262214628977
50.424435492185886
39.73578807760059
-23363.13070379049
32.84759123163533
-3.1158931280085673e+22
56.77529820744968
19.339824146981115
21.73282252374483
31.94691200576635
24.53600757205568
29.908409971631773
97.88969315954891
41.693496123263316
31.582597688623352
33.68746806082637
118.01499066741526
-inf
18.135717426698825
18.905747158695885
18.398034801517497
21.553613315953406
19.362466697359928
24.137316441370064
22.64577171899873
19.98805880465661
23.772556338839056
21.23635853445448
18.135717426698825
18.905747158695885
18.398034801517497
21.553613315953406
19.362466697359928
24.137316441370064
22.64577171899873
19.98805880465661
23.772556338839056
21.23635853445448
19.89143133778998
21.575045183851035
23.587646589570795
18.794507625247935
17.669026959416808
23.026519408251627
17.88354545954062
19.189684703067176
20.982509899049184
20.6237871000485
16.11355542285746
18.20814356222545
22.57224843880395
17.80229734726454
22.64486999004875
22.547565812371616
14.737453815246408
19.980805310193677
16.88410876433918
18.887378837642608
20.107240446857762
27.175147004635072
40.132790981375734
20.00890057739452
18.294511180270636
20.16781514298491
22.513788445242973
18.384761002424057
44.79276839008961
18.135717426698825
18.905747158695885
18.398034801517497
21.553613315953406
19.362466697359928
24.137316441370064
22.64577171899873
19.98805880465661
23.772556338839056
21.23635853445448
19.89143133778998
21.575045183851035
23.587646589570795
18.794507625247935
17.669026959416808
23.026519408251627
17.88354545954062
19.189684703067176
20.982509899049184
20.6237871000485
16.11355542285746
18.20814356222545
22.57224843880395
17.80229734726454
22.64486999004875
22.547565812371616
14.737453815246408
19.980805310193677
16.88410876433918
18.887378837642608
20.107240446857762
27.175147004635072
40.132790981375734
20.00890057739452
18.294511180270636
20.16781514298491
22.513788445242973
18.384761002424057
18.135717426698825
18.905747158695885
18.398034801517497
21.553613315953406
19.362466697359928
24.137316441370064
22.64577171899873
19.98805880465661
23.772556338839056
21.23635853445448
19.89143133778998
21.575045183851035
23.587646589570795
18.794507625247935
17.669026959416808
23.026519408251627
17.88354545954062
19.189684703067176
20.982509899049184
20.6237871000485
16.11355542285746
18.20814356222545
22.57224843880395
17.80229734726454
22.64486999004875
22.547565812371616
14.737453815246408
19.980805310193677
18.135717426698825
18.905747158695885
18.398034801517497
21.553613315953406
19.362466697359928
24.137316441370064
22.64577171899873
19.98805880465661
23.772556338839056
21.23635853445448
19.89143133778998
21.575045183851035
23.587646589570795
18.794507625247935
17.669026959416808
23.026519408251627
17.88354545954062
19.189684703067176
20.982509899049184
20.6237871000485
16.11355542285746
18.20814356222545
22.57224843880395
17.80229734726454
22.64486999004875
22.547565812371616
14.737453815246408
19.980805310193677
16.88410876433918
18.887378837642608
20.107240446857762
27.175147004635072
40.132790981375734
20.00890057739452
18.294511180270636
20.16781514298491
22.513788445242973
20.990528189900214
56.96884203389056
776.6628806005281
22.9820327773079
30.673554358191907
77.53387776266317
24.38954318961623
8.696294806347577
6.405833057255949
18.135717426698825
18.905747158695885
18.398034801517497
21.553613315953406
19.362466697359928
24.137316441370064
22.64577171899873
19.98805880465661
23.772556338839056
21.23635853445448
19.89143133778998
21.575045183851035
23.587646589570795
18.794507625247935
17.669026959416808
23.026519408251627
17.88354545954062
19.189684703067176
20.982509899049184
20.6237871000485
16.11355542285746
18.20814356222545
22.57224843880395
17.80229734726454
22.64486999004875
22.547565812371616
14.737453815246408
19.980805310193677
16.88410876433918
18.887378837642608
20.107240446857762
27.175147004635072
40.132790981375734
20.00890057739452
18.294511180270636
20.16781514298491
22.513788445242973
20.990528189900214
56.96884203389056
776.6628806005281
22.9820327773079
30.673554358191907
77.53387776266317
24.38954318961623
8.696294806347577
6.405833057255949
30.61112876771513
18.754388498174375
21.9526228337083
10.889278328740327
38.19062777217769
14.261457261917531
19.19396610754921
17.631299958200536
20.18533026316582
51.430375270877995
48.54392435227782
37.35948534345081
792.5754376292442
67.91700751369642
84.66345341491544
-0.6092395802770691
79.30500272237403
70.40093987775039
74.69511427193211
92.83257294341311
53.21960671933919
98.73349498874518
97.71890765122154
27.329388173646297
18.135717426698825
18.905747158695885
18.398034801517497
21.553613315953406
19.362466697359928
24.137316441370064
22.64577171899873
19.98805880465661
23.772556338839056
21.23635853445448
19.89143133778998
21.575045183851035
23.587646589570795
18.794507625247935
17.669026959416808
23.026519408251627
17.88354545954062
19.189684703067176
20.982509899049184
20.6237871000485
16.11355542285746
18.20814356222545
22.57224843880395
17.80229734726454
22.64486999004875
22.547565812371616
14.737453815246408
19.980805310193677
16.88410876433918
18.887378837642608
20.107240446857762
27.175147004635072
40.132790981375734
20.00890057739452
18.294511180270636
20.16781514298491
22.513788445242973
20.990528189900214
56.96884203389056
776.6628806005281
22.9820327773079
30.673554358191907
77.53387776266317
24.38954318961623
8.696294806347577
6.405833057255949
30.61112876771513
18.754388498174375
21.9526228337083
10.889278328740327
38.19062777217769
14.261457261917531
19.19396610754921
17.631299958200536
20.18533026316582
51.430375270877995
48.54392435227782
37.35948534345081
792.5754376292442
67.91700751369642
84.66345341491544
-0.6092395802770691
79.30500272237403
70.40093987775039
74.69511427193211
92.83257294341311
53.21960671933919
98.73349498874518
97.71890765122154
27.329388173646297
