20.669298555995884
6.995210774751757
56.13975754212328
35.562910569992404
36.2655579081825
46.60598241284239
79.38146520605514
42.93513672746526
44.28906214358473
73.97909838562445
98.13824509794414
81.41178859303074
77.54116845524061
91.0720866543626
69.48022171833824
75.43348025769166
81.21540092468041
98.41420793000793
91.89544095689872
93.96865284689547
20.669298555995884
16.215750741796207
8.944006487072532
33.57431547420982
42.06175702536986
29.011053898080032
41.50704732049887
44.74907401605134
41.592575839352634
70.64566656424205
39.292415226064925
71.59521594506619
54.7224716285664
65.12618364654983
40.37461247315082
61.29161237146654
36.36806391935623
40.00847565654006
70.04476156425203
58.73887174289831
