-30.26744284878685
11.232058547431304
21.93683461586847
17.695503422461844
20.426250201402254
8.999684203060214
17.273321242431454
7.240872822799924
1.8091684028323687
23.491694597451342
17.64783379384365
-10.536898789387429
24.91000595802634
17.011169415929654
11.93434891991425
26.205736881464862
6.484239795147732
13.66539116265698
24.293282993129232
22.67232798136426
-30.26744284878685
6.443646354613994
11.946863785909192
25.444931245096253
31.413141020977765
53.44679226826171
34.11115299170394
29.6754968405475
44.35196355911885
46.565855106198576
44.202953494543536
42.043472036468195
61.48163598609779
58.32770002413011
75.57080134674564
68.00133231924539
50.934055949150824
68.01432702234588
52.17543069971725
72.2190242286602
-21.27815852837957
-23.555035359128674
-21.27815852837957
-21.27815852837957
-21.27815852837957
-23.555035359128674
-38.52461980575609
-22.584230485503216
-27.117388855991884
-26.84984611100662
-38.86347781108489
-27.235408756777176
-34.50741984110646
-23.72371605800144
-24.619192373041006
-18.62374299376388
-14.975284999064751
-37.42474054033082
-27.725879582890776
-36.91147599351971
-23.56552259726741
-22.80322310460615
-31.45592916308378
-34.431425417018175
-53.75307259822438
-28.397889944292547
-29.172994316348923
-28.75143540734425
-31.241838833749355
-41.18483463472221
-32.38378335689049
-53.036561611721126
