18.095603291519186
14.352495832118992
52.590578518692645
36.06458231232537
25.538165855272272
477.6473064260614
43.94136251932344
42.15895446010274
49.82441297412212
35.59260556197859
11.699365680739719
36.60507071794012
40.50932896592029
29.73948076684182
23.738207748270618
18.300441623680594
48.14729849245569
16.62404103957394
25.572806470431832
50.80249437536017
18.095603291519186
18.156779179742127
25.619804677814926
33.83415504581128
154.93489679996705
15.551834756768178
34.254570403200916
120.40263702694267
277.8738030119667
186.20334874511795
39.58289361791539
182.45820679627806
185.16136792423592
188.27752350053254
96.78584693173835
44.09606501978777
48.64460821654684
25.81195105000963
54.15820134833962
61.046276953042636
