17.378771882916087
41.94595310727705
44.90601571407023
81.9088681939035
271.7698754190042
79.45012403163713
557.2824811929394
227.49452705277588
39.478109712879515
221.24190589990584
78.84126380557103
31.27869101374131
48.75441610582123
57.90747145017242
17.378771882916087
43.963626961824424
63.76246440450688
195.14070634622706
321.12346973968386
35.38639061505179
61.57484266355466
25.133730475463754
67.16371625017132
27.674655724134755
26.977392598339755
17.378771882916087
160.23515824190267
19.391446144711207
22.13045393858353
31.61745398292725
29.898871228948273
35.77137629509134
36.99176833064544
17.378771882916087
53.62258465633155
171.32981346143262
28.380301302610526
218.64876343845353
69.23267263826564
31.91656313075946
30.303158410663418
32.11038937360701
46.84622290776247
20.913558925823207
16.57361329081476
20.380069205797273
18.10877513166088
19.517363504213144
20.60281045264564
20.387424517985977
18.77398067982117
17.93861449342148
24.211191633867685
17.378771882916087
69.62431880948047
64.8183465556809
11.71183195999261
10.850549631028114
30.300373581773318
34.16870239986197
26.222179701455996
55.77242591009563
53.84186269611309
58.540990873794655
68.91271147922379
82.98189195102532
61.156253244474314
57.85182286781541
62.42996803521412
65.96581536520989
56.56033098779117
52.35584146738601
52.05279953311132
13.612366641615518
15.979032434444525
14.130870393406076
18.669600738589363
12.537137566346793
20.983999046466487
16.50595132143062
14.302710170543287
22.77872056429769
13.55962494687701
21.112317685608282
22.987958626993354
15.775270355938117
22.72204447431286
28.121835709999143
17.4859841881218
21.956135166872993
18.700343586238162
17.602037226998075
16.612084158926155
21.83146399106336
15.37157861517917
14.817820578589453
23.440631950121315
23.54868436737161
18.88502148178959
15.715828248830805
15.105577748261567
17.149385631272157
16.3025287117227
20.935026204536555
30.513668347043865
18.076254245848393
13.402991281497817
19.388941430217532
20.368454597261735
15.429858740806228
13.97552906902565
19.427139516912572
15.116216080292363
16.28935304741899
13.654090620815987
19.01417226539343
17.161329257734177
17.446227982408892
15.233455589525692
15.886669392639305
20.526999572555358
17.558853316906607
14.73237774531881
13.34819615085289
15.16771454505215
27.768287506437627
21.9426265923219
21.0220059875166
13.301715628923555
22.09696273031295
11.545195124619932
20.444458650413434
23.424438167686457
16.11855706984497
13.77020709177159
13.671265959217271
97.76428923009516
-46.766232344876336
7.269128715616536
15.583280819187348
32.916785554675144
3.775251383615251
-3.62732518071716
68.10923994985497
8.200933260527382
19.577430468147217
8.47270788375463
4.256294117443032
29.59295277214552
16.953700749205016
1.555321947232006
19.228919110364224
22.006945218435433
-0.7800772790957131
7.32117142908537
5.002674710213613
15.273774253287412
16.92955238248542
20.698979863773275
-10.109028531372315
4.386162663708093
17.559050537987787
15.092866016023617
-4.306696627236676
41.93915186990489
-43227338.97856744
21.870580911682932
37.91263592098403
-11.362401662155758
16.449357324634914
15.378368355095155
0.06414762001513608
-1.0840356744782191
10.6459236924391
4.536208149747108
24.206261615232506
14.968652330010082
9.738564992323516
8.598832135456906
10.332484959422437
8.024014874646674
5.391401245581804
8.344559173056041
15.124638950053484
13.501026397389069
5.265952977875715
14.10951224941382
-23.828526678391793
11.003687391747372
12.883080815160065
20.914552143221954
19.475952612442782
14.83691498176777
8.98233270033088
5.403139242384349
-17.241579196589008
8.54800851149048
4.886841131317489
10.558186681987717
10.045513077790384
5.418877130486363
13.612366641615518
13.612366641615518
13.612366641615518
13.612366641615518
13.612366641615518
13.612366641615518
13.612366641615518
15.979032434444525
14.130870393406076
18.669600738589363
13.612366641615518
13.612366641615518
13.612366641615518
15.979032434444525
14.130870393406076
18.669600738589363
12.537137566346793
20.983999046466487
16.50595132143062
14.302710170543287
22.77872056429769
13.55962494687701
21.112317685608282
22.987958626993354
15.775270355938117
22.72204447431286
28.121835709999143
17.4859841881218
21.956135166872993
18.700343586238162
17.602037226998075
16.612084158926155
21.83146399106336
15.37157861517917
14.817820578589453
23.440631950121315
23.54868436737161
18.88502148178959
15.715828248830805
15.105577748261567
17.149385631272157
16.3025287117227
20.935026204536555
30.513668347043865
8.038259986341291
13.612366641615518
15.979032434444525
14.130870393406076
18.669600738589363
12.537137566346793
20.983999046466487
16.50595132143062
14.302710170543287
22.77872056429769
13.55962494687701
21.112317685608282
22.987958626993354
15.775270355938117
22.72204447431286
28.121835709999143
17.4859841881218
21.956135166872993
18.700343586238162
17.602037226998075
16.612084158926155
21.83146399106336
15.37157861517917
14.817820578589453
23.440631950121315
23.54868436737161
18.88502148178959
15.715828248830805
15.105577748261567
17.149385631272157
16.3025287117227
20.935026204536555
30.513668347043865
11.599477476179889
13.612366641615518
15.979032434444525
14.130870393406076
18.669600738589363
12.537137566346793
20.983999046466487
16.50595132143062
14.302710170543287
22.77872056429769
13.55962494687701
21.112317685608282
22.987958626993354
15.775270355938117
22.72204447431286
28.121835709999143
17.4859841881218
21.956135166872993
18.700343586238162
17.602037226998075
16.612084158926155
21.83146399106336
15.37157861517917
14.817820578589453
23.440631950121315
23.54868436737161
18.88502148178959
15.715828248830805
15.105577748261567
17.149385631272157
16.3025287117227
20.935026204536555
30.513668347043865
11.599477476179889
13.612366641615518
15.979032434444525
14.130870393406076
18.669600738589363
12.537137566346793
20.983999046466487
16.50595132143062
14.302710170543287
22.77872056429769
13.55962494687701
21.112317685608282
22.987958626993354
15.775270355938117
22.72204447431286
28.121835709999143
17.4859841881218
21.956135166872993
18.700343586238162
17.602037226998075
16.612084158926155
21.83146399106336
15.37157861517917
14.817820578589453
23.440631950121315
23.54868436737161
18.88502148178959
15.715828248830805
15.105577748261567
17.149385631272157
16.3025287117227
20.935026204536555
30.513668347043865
11.599477476179889
11.919460353069008
37.20932151520829
7.219135691149858
24.194851414064757
11.491359578147238
3.082610626927635
5.660785336863773
5.928162276605144
3.352766942809103
5.275425946475297
4.630663781581096
20.934289919692674
13.866073179345404
13.236590531763794
12.259831712860613
13.612367
13.612367
13.612367
16.545662
18.100552
14.72739
13.768438
19.642797
17.5229
16.147028
14.429008
13.281215
20.578737
13.650224
21.982
13.489965
23.948784
25.958609
18.842575
18.079544
14.68013
15.055781
18.673796
16.134092
20.234457
13.961297
16.044485
17.267416
24.181074
16.716988
18.100534
12.761863
15.153992
17.300417
15.897924
22.22137
29.838406
13.612367
16.545662
18.100552
14.72739
13.768438
19.642797
17.5229
16.147028
14.429008
13.281215
20.578737
13.650224
21.982
13.489965
23.948784
25.958609
18.842575
18.079544
14.68013
15.055781
18.673796
16.134092
20.234457
13.961297
16.044485
17.267416
24.181074
16.716988
18.100534
12.761863
15.153992
17.300417
15.897924
22.22137
29.838406
16.3344
13.612367
16.545662
18.100552
14.72739
13.768438
19.642797
17.5229
16.147028
14.429008
13.281215
20.578737
13.650224
21.982
13.489965
23.948784
25.958609
18.842575
18.079544
13.612367
14.686037
13.612367
14.686037
13.612367
14.686037
13.612367
14.686037
13.612367
14.686037
13.612367
14.686037
13.612367
14.686037
13.612367
14.686037
13.612367
14.686037
13.612367
14.686037
1.1975253
13.612367
14.686037
13.612367
14.686037
13.612367
14.686037
13.612367
16.545662
18.100552
14.72739
13.768438
19.642797
17.5229
16.147028
14.429008
13.281215
20.578737
13.650224
21.982
13.489965
23.948784
25.958609
18.842575
18.079544
14.68013
15.055781
18.673796
16.134092
20.234457
13.961297
16.044485
17.267416
24.181074
16.716988
18.100534
12.761863
15.153992
17.300417
15.897924
22.22137
29.838406
16.3344
7.0747514
11.017547
7.4375973
9.010835
9.035225
10.821704
12.215717
