13.148753010927612
647.3639940826575
872.9748286697255
648.4907596207205
554.844256549809
768.104718393536
670.4322236507584
599.3481306537549
535.5560216097545
517.7668190375483
612.8880139074828
599.8188868736909
530.9205300046289
805.1483711251273
702.5008328672504
608.3381837212629
556.8905413027167
619.3466002066871
624.9350014650742
616.5298850060036
718.9699902197538
711.6523945104942
527.9493494395164
755.4829301170869
704.990196111066
626.6760441161604
874.7539224216531
613.2558452886992
613.5819776953739
677.9308584850631
669.8144834354874
636.3751249399326
145.79734980587241
137.36220416851134
549.3794794412895
183.97481206429813
149.36478609393666
546.3519086457918
621.2729438590166
751.7029357898397
544.7956626209899
138.04803259297333
573.5899136777499
522.1293199309421
647.5401280117514
356.9088813934006
415.8115475978959
741.7881896393964
567.2203495316037
641.0425938876459
