306.6333928229508
114.69049415706684
565.4130192821619
559.5542996250211
571.171128622535
801.5277127108733
650.1278130364524
636.1120934394888
734.7861297179203
638.1705833593174
685.9830713848821
535.3487328261434
587.5767964607945
633.2591685383987
678.1450090484606
754.297894764468
628.1229303762373
618.5084001400874
663.8132679731276
632.7259605427239
630.3454039696794
520.8857110762095
734.0987040734086
630.7001480208261
571.5491231141735
644.2114534882248
570.7278603321549
488.783191796657
543.7092246794872
472.5920489907736
551.0151222505119
799.337533854614
705.4610491860254
656.1275123527223
547.6330524071925
741.6935657507412
886.2724122052201
153.37974373444453
628.6070927661663
495.3018046413165
518.9694600519977
854.5077335637761
565.116912269346
662.2182748993152
705.348073389559
549.4907293119753
647.9917641050419
728.3639031295122
535.7476575435963
624.19882961788
