141.98239282669812
753.7310651221997
437.39200774034646
644.0476216688872
598.4390596213444
608.9797850299103
633.1790189954655
568.7402480126898
596.878744718197
605.6033090820547
642.6921121278123
611.9186268471759
646.6597183168062
705.1248493327491
778.1171628940464
720.4547208949311
576.2581069843259
743.0857406991353
618.0548005792732
664.0078783252562
661.0778408290311
516.6796782932139
649.1891012081189
676.8744967674619
579.5117903658955
641.3729191251083
658.0746407696458
608.3048511903281
600.0184630563373
674.5189288725342
711.5293235019365
748.2586980729396
695.9711762166264
669.190853923639
631.5203289460293
515.7538638656565
453.5366322880019
711.334467208041
761.6226337861642
689.0956642594995
734.2588689966191
621.1131896466467
583.0923275910982
675.9767553575556
667.0001805467597
719.0888821987861
445.29229240086676
683.223163949549
567.6379518820382
536.9456748836814
