522.0239055303739
771.7881850890964
776.6225413551832
661.3469220732352
566.6221749689464
650.5862605295548
827.1784026840708
753.2142687949352
736.6825597895521
647.7233204506745
557.9928954390226
687.905243118029
616.3302320337451
800.4668072505893
793.9935963362467
882.333754570022
731.4623813733047
695.0480994159167
861.9758340753702
702.0592724453306
842.9348432022856
698.0600932294464
991.2721019591053
736.9349214673848
951.5424791523237
870.3606313312583
898.041215145478
699.7240831653747
806.5946767420323
792.7367706173433
843.2976911181104
790.7717229465696
832.8520632114584
816.7430859476877
706.7799641700858
899.7859409278229
874.7790875569962
521.4123359245225
857.8081551251759
926.4164521611295
790.7439878775117
891.1467749718244
839.2377326022838
921.312061567246
815.1544914721858
749.0711982303427
962.6708860260716
948.6074621510809
887.7075499998336
888.460436862385
