480.18874215435926
34.30707977305496
686.0930942200298
499.8915250023499
536.252174470739
420.85011288061827
712.8053904508458
477.9577073113097
527.5238518736737
602.3464685799785
530.1799449232456
367.97609437956254
508.548102205139
477.23408665424756
305.29352589603496
304.9882767009721
294.5768614932631
493.1894682189973
414.42980360475144
354.29705288356035
389.523053556547
380.7453523959487
501.2245157854057
459.8129833119628
271.0949838980738
563.845881672651
416.55832727898724
319.04702745580687
412.7546901086337
216.17566779622575
220.84892109252237
382.05204635362725
320.2000783797808
469.0018357023951
409.98132169118105
455.76067756636496
297.42466130883406
298.1921599069204
220.51403615945327
428.85884038744814
321.6827198690034
490.8583345338993
309.08881733630983
266.6692245808791
398.66544056370117
204.09146972023288
219.12366064311811
498.8297849754858
297.9558125610824
415.7305754278043
