478.98413512487025
10.09380383382298
414.44644135137634
581.9119213439621
489.07587013027324
690.1317071296601
577.0950085165595
689.7646927844189
762.852112964426
882.9895346136999
691.5943291509077
635.1647967228582
607.3231710673133
892.2673723020721
443.2209887634175
42.712938307732124
522.9482845595454
611.399485330529
843.3459020449372
537.6822893654876
590.6499128057624
623.297667776602
501.59994633828404
633.8860837256987
720.3520691270398
746.6303233395058
807.1602002757965
648.936271822312
730.5860517934755
764.7518981965364
393.1505773323642
438.83135856792927
626.343457743144
495.46534361553546
668.8020035424541
591.1299020079646
778.3794974595342
691.0865558231475
521.9398021838548
416.1019082933176
52.08875131020757
698.6464870166967
526.3583201209817
867.3261516392791
660.3690056388349
612.0150112225114
758.5680801782066
80.04419147784577
677.6434401644427
598.6750754316203
