498.5504841047549
694.9585124363042
507.44767444555634
549.9146894178596
753.809396113386
491.74327483748414
706.8667013823193
853.9738705711135
706.3327776992077
577.6749341873814
607.7691587056469
607.3906961182186
781.7352812792228
866.7193966692797
545.698890977607
605.3912424451473
582.4472166570743
695.192202239108
747.7692128423612
735.0303438769577
793.4429317881438
826.8797624114791
757.0353852314605
714.5244578742229
646.8719247664576
711.6012385910805
708.0699053870226
720.0233195477732
680.7569945621699
741.0555102499608
715.6499474735375
924.738656449708
564.7225320996148
715.4108766940407
691.1343656010422
748.6403567349757
734.6490506603064
708.3037162848422
710.0892528272195
685.3865407149037
730.2839610686557
488.4584113643098
728.0116215552413
656.3599973039247
740.9563814627807
471.8585768278897
792.4267762766174
700.5888919314425
673.0791642088685
712.5010796803119
