145.48344690645754
697.9123319289299
826.481735495489
697.331557203926
563.1171856416518
529.8417677965103
538.6532975033772
493.0963877235974
540.0983060568863
103.62112306974159
448.5957689697523
461.3810052695293
481.9881821376653
410.19311856390027
630.8636818336529
476.71447286382437
607.5364050596316
712.4060666908982
688.0264421148541
523.3953721413548
872.2198625662343
788.972566348352
798.2498984944613
701.3259012121507
543.3135252598041
496.5080520864203
803.3057540884189
504.62867229818914
528.2180593534144
710.7684000057587
464.30466164110004
533.7842942732337
774.0558415675489
575.8482704660972
789.2762280346515
407.89510484499755
512.9805648747786
531.1530006340354
718.9416793468154
660.657195045315
649.7273554932484
86.37367493113273
396.42294359756215
474.6428069878066
570.2578882231547
802.1177555879553
545.5852454322119
560.035229345983
716.0817957326348
459.92711457925645
