496.3486720275673
795.2857695134701
727.3713220001813
131.0759220482665
789.626902478534
760.1669739679038
699.932634573412
885.6511109178273
622.1404341867824
752.8861552306047
864.5407981353849
818.2702661265914
760.8370489368359
555.7278364934066
167.22445304976569
872.9363385321516
644.9293140789574
606.187397410084
803.6786403203026
957.4944085300824
817.5454469269088
812.7710299742406
930.6020628475788
830.9855249320512
847.3284192906517
805.9087042996715
975.1498774646367
642.1575056002386
920.9736989520023
555.7105042115804
821.7424354655452
710.7922768699466
775.232948009753
930.4021719851528
710.1265218574475
741.5066383074368
814.0932697079153
692.3132618954251
843.0017618100205
815.8743271403903
34.49787681084857
782.860811782938
790.9685384467615
908.5932773286022
841.2854415123173
901.2222830174848
841.3959260026749
778.5728534631804
680.6345528822883
663.3753864183309
