186.20802810360613
755.9446205828834
801.2352300565227
507.1313803561297
627.7188789252206
784.7580281321444
573.2630527477354
797.0845532779425
764.5262450083713
809.3278831182796
728.4086837884555
760.6514160230819
717.4531120542937
766.6830700946732
802.4185316391398
758.8324178748749
731.776953148604
659.340687562562
903.6427916561798
705.6287677063169
818.6923102799866
795.5187387245578
738.939479179464
586.2297533992501
789.64557903401
665.5675668941443
893.4895898661526
679.046669216929
748.3290461320222
593.678615449981
804.9624726914507
501.0375346757359
699.7328998138349
886.6227007583075
691.3859352514766
570.0365689799502
792.4473057407214
907.7517664228882
729.3492298168877
728.3548762015112
732.1686184489926
738.6389603990656
523.3027546392925
727.9875881519994
793.1109471030419
710.9366149424968
704.2227201516095
746.3025859634237
705.417045216715
629.7347795047289
