-50.323091028238714
-120.60754846867438
-119.39447586154412
-106.07276495620607
-25.790778604053536
-101.54634043876509
-114.44028746938903
-96.31950246786155
-96.01486876220218
-100.03220351080374
-96.99799651265879
-103.11613797626363
-97.2722373956018
-98.80408018461749
-100.11561490357806
-96.73196463398635
-95.92461402114138
-99.02113171078575
-99.05372455822943
-97.13891103075723
-99.38799038599743
-96.41475903550739
-98.15618417913419
-100.70130717507536
-97.2169154444879
-102.00168638220627
-95.9126805673032
-94.19681141771743
-101.31344628268648
-95.62806262075128
-98.83199177902979
-99.75026705740895
-97.00890114062126
-91.90143020467397
-96.84009687866629
-95.92625213892768
-95.1462936877126
-96.01962668873158
-102.38028515450718
-115.73307241051582
-105.30957694677318
-98.5911681831004
-97.37030612489258
-93.30599161742015
-116.60715984583082
-97.4173614531996
-115.51246335794633
-114.36934944608497
-92.7244829592071
-91.33592207772334
