-55.16567683579426
-36.48246769491338
-51.328089232747715
-47.51438821771924
-41.22371067797949
-41.144646364247414
-45.591632304402594
-34.10007384188108
-12.643690089525661
-24.32853249848637
-17.50779214840568
-107.82211763881598
-35.225788526894526
-57.8088556282304
-41.068710015886325
-43.11950538576453
-44.35357494280811
-37.934216908041414
-41.923586325047566
-50.92793626113519
-47.429515260746996
-50.94842706239785
-42.13479036259335
-47.22336457352811
-43.06331329477663
-38.7060507535412
-26.23756685946016
-32.10069933937187
-27.556498475464757
-23.484484773974877
-24.890995775443148
-27.537812515718837
-18.337322972472712
-41.361105164254006
-39.64642230673132
-21.012141064023027
-24.063018708509638
-29.106948767673188
-25.53040260001711
-31.33085776788119
-43.40202976166086
-40.26684019733928
-106.16349104427937
-43.06764788118889
-42.38292434265882
-34.16021349654062
-39.834751845551956
-107.9617362662945
-19.97012149950807
-50.63995175984148
