-109.53409443162796
-23.140340458114338
-36.27657867984357
-28.298303909165153
-24.392546951847144
-93.20509364718819
-23.7100900570062
-88.63352312072863
-14.876676739718155
-17.366447644028174
-20.96891866164655
-23.688894726133597
-6.050243017554286
-2.120432541265467
-8.877838895828136
-6.036218161539482
-79.42801574064606
-63.181259629437896
-94.66461196151128
-93.26003039145967
0.43333418846436705
-82.82883871798217
-76.73272022059332
-48.10448809649549
-35.375074152370885
-72.08383987688954
-28.605385961592617
-76.01391911074364
-41.27433106908266
-79.62150894855581
-71.54471361131533
-69.27964742925823
-123.14052435078719
-63.26498526738004
-65.2425484787083
-80.77198738915331
-18.19327453368846
-93.3424591510153
-97.08065536804006
-74.54518063347149
-85.83985496941628
-93.5237632003704
-69.08635247157949
50.25651440757014
-83.41832305436427
-61.74491741702772
-110.26155485232152
-59.778773133394026
-83.98155185287216
-43.51136040022907
