-108.096340572484
-118.7589222487647
-13.203616089473806
-15.750061602749433
-13.53930724733396
-102.89386557628897
-15.038950009114293
-19.505642700041317
-16.728700221186507
-16.380408020398253
-14.508065690188975
-24.689781686803826
-25.318224288737923
-5.036685525241031
-6.184747544625145
-20.415093996892328
-23.96960994880208
-25.573072019200126
-19.186912790887085
-16.45890725361063
-20.624244429599013
-21.98880128079806
-23.834715766861567
-98.60732665287811
-25.775469465716952
-12.944294339384864
-22.12056867312454
-9.572869232948245
-15.506714651299022
18.52958930087893
-103.94287896530908
-16.278979016705712
-91.88689961482896
-11.814040368120498
-21.4147112074196
-16.9473366098137
-2.995032868285965
-23.474474441946143
-11.197939052871734
-19.264344916256775
-13.408924600064127
20.45153357540259
-20.340451741039118
-63.20169621657115
-59.72701845259366
-67.00363562488866
-91.83641714335064
-93.51072989145922
-72.3990837623266
-95.25960325934047
