-107.9331132419985
-11.74361955866839
-25.32877047625187
10.545134487340217
59.109615623983764
-15.842286738708665
-97.37995252459
-60.06105404858852
-78.47625600866043
-85.06414626594727
92.34542574800238
50.27909067256621
-88.77004157238608
63.00904698410628
28.16089195112015
9.750738806668059
89.04914531177292
1.578440237863007
121.65848346226474
-23.13022730656714
-17.90337591122832
-16.082319410955556
-9.22137105243716
14.439374043214524
-26.418389458892225
-32.222578383285544
-75.13913935928605
35.762522783751905
-24.98691147837728
36.43160946982856
-87.85204609336952
62.59754901564556
-18.695554593275006
89.9939538403924
63.91020324949797
117.48258664507154
70.83153260648879
126.27471435564568
17.5132493237586
3.045320268061615
-16.036220183081227
6.288700331141586
56.46253122684239
61.857417610569534
-15.64810611799855
-14.185661543149509
63.209234599893215
-54.37331499682489
18.313974889673393
89.1720823070942
