-108.44023988322556
-7.698164301469915
-32.451828394699284
-17.09345043377823
-24.110499440005704
-17.565033423077985
-22.723282059968707
-10.01251918662278
-15.208652207091454
-20.730246965737997
-16.36797181619707
-10.279111884264276
-94.38450261969086
-11.15507325932636
-87.08665739802085
-16.718655833842888
-6.049538908332565
-95.1639567240287
4.339687589117019
-98.28522611321507
-13.220337931727961
-14.756787174150988
-9.361987527534987
-8.836667923185965
-14.372744456738234
-23.307385131747793
-20.187071316178898
-20.716215027907843
-18.377917407464274
-0.05409762288444568
-19.94937003145171
-12.748466786017037
-13.952175033618433
-16.0500434221955
-14.28167419006987
-8.672160941580309
-22.48086137736461
-5.320362482355292
-15.040721994765093
-10.353166592738893
-23.1390893877906
-12.304323165196903
-21.963809449729194
-24.247126317013652
-21.095606160907067
-23.5006073081487
-22.104523773451042
-22.611712384145733
-21.63429329446517
-16.037030489189558
