-109.20740749706566
-14.240827147965607
-14.788371703437834
-21.275305603202433
-9.802959081958992
-13.897571961645038
-16.378435616665396
-12.325512648836394
-23.49792934649563
-22.03107120450522
-18.257256686623535
-12.161932245250172
-19.72049013427333
-7.97707750698367
-20.255915502333266
-13.67565331513499
-9.95901536444825
-8.86070983376911
-10.006583994214077
-9.884283285320421
-11.830156835955881
-10.989891174297762
3.65116387010551
-6.096787946145986
-18.136256808075498
-1.7928845767478172
-88.60215212480848
-4.865347889288022
2.6361331684862934
-14.01622030650887
-4.844614811797316
-6.909374179200583
11.13816956551308
8.011512459243969
0.5675541392372336
-57.68150094504718
-56.54955252755681
-10.331467782403013
71.4968643045276
-13.870266824023108
-70.08921162791509
62.69102648264612
-65.16710394716303
-65.16508837323262
92.90329323977355
-13.586384963401287
-60.79790805376134
-33.48912885918193
-49.08417348143147
-57.26506063413247
