-100.77780426617711
-12.98892161652321
-25.045534037611727
-25.60242286432165
-29.437545362623506
-27.063800798698615
-32.28239482674265
-35.92349702324659
-23.73312232464489
-33.07607016756134
-38.835659243763686
-25.98619090865363
-54.36834454982341
-37.64410017412351
-33.06488529874879
-29.82660389792173
-37.356002157461475
-54.22462095726786
-36.6181935672592
-40.46561128562813
-36.9675808375761
-33.174796087335245
-41.10576461582705
-37.55645235903309
-48.50922493157889
-41.92077793051802
-38.80824077652956
-37.95148020416747
-38.59669770913073
-32.483762640442094
-33.43084408391825
-38.154534468478246
-36.17073267268759
-38.74308800575044
-47.476347432704124
-42.11379402604259
-45.46395297409356
-29.59329559910735
-46.5399976168411
-49.73928898041943
-49.00073679644433
-42.8968609375786
-41.26232974586826
-50.63631480695499
-41.8213114139755
-40.40963945289828
-25.090260796370586
-28.99443627433229
-20.204552866766868
-31.632344247922298
