-50.35550373537354
-34.56005586858596
-29.94147720453195
-40.86410058337822
-37.63914017667125
-22.811123957949956
-27.689050386269475
-19.844534817514337
-41.42747584854437
-27.719295500687974
-24.146720297996577
-30.9424115807681
-33.17833864127101
-31.381249059838513
-28.097194919273914
-37.44556951881074
-34.03515349402839
-37.263385887827056
-38.250671651938895
-37.51318848437876
-36.34417171843106
-32.7326155866906
-34.60289602396519
-33.92689162524167
-36.6809960082198
-27.384218446152843
-25.035665698561825
-117.97553764474081
19.467879630785433
-42.35557374778064
-60.03558240571371
-83.73438087325574
-82.91303383539696
-78.60305440280183
-109.97547531913013
-91.34162897995333
-77.14609172464
-93.50169294508919
-36.491575310103286
-88.64895593334445
-39.82713396371468
-80.59456667130272
-76.92325847249758
-88.3068261868684
-83.63080173467506
-88.56892615526522
-75.82807506492631
-69.27317880900779
-98.17087743572587
-85.38534647488656
