-106.38771233853778
-18.191025040575894
-31.725166952575364
-25.123081818868123
-33.37924452997435
-84.57577477379888
-86.69242056193411
-86.51324904764091
-88.57223055724675
-86.6920414843468
-89.490303043469
-86.59254495765859
-89.64328962441293
-88.57198050648084
-90.3667731339126
-86.27640049554456
-91.32331718073206
-83.93919633824783
-94.8910357568483
-87.58237680808048
-90.75183544856468
-91.93066048092032
-81.68136533083154
-82.89362124569355
-81.8180953798159
-81.96286657011012
-79.93867246167082
-87.51449808454066
-88.92031307286109
-87.99313360205957
-84.18680368143714
-88.64498866056297
-82.64452854584499
-86.5104836550546
-91.24080247194155
-86.89078620468781
-85.1719100286395
-89.83826427020448
-85.88203392269833
-84.16427256478462
-80.36203053878768
-88.26326934874281
-86.93458693997748
-93.25595848027668
-79.68231119803998
-91.27798356960758
-88.98774722989333
-86.98221371564611
-79.76322180280485
-82.42944949160625
