-1250.9955131910333
-1167.7622527501992
-1149.3338830293103
-1291.363247899068
-1016.0321335789024
-1242.220850365682
-1104.6103510619632
-1084.6874425359808
-1052.440000909864
-1115.9921526759895
-1188.0826225417966
-1210.246544756253
-1013.2874571865538
-1087.8206153716392
-1044.1712786720825
-1200.1644306079895
-1084.0139212125891
-1117.47077731519
-1200.882149035589
-1152.29178365221
-1130.8340739465114
-1270.0488245925224
-1170.004227232001
71.41697713261814
-862.2426862739165
-1250.396172950763
-1230.313345537039
-1116.7397695390023
-1040.3296552295744
-1247.645395944338
-998.6667285778325
-962.0387019601559
-1233.9869834202411
-897.0685529673682
-1174.1888312754277
-1156.3171715012481
-768.3120161607064
-1260.7501248813103
-1234.7263597558588
-1237.7019839851698
-1245.4290649256955
-1249.707983133216
-1179.7729188695926
-1000.2982323691749
-1275.8077861574825
-1132.5997449233269
-1170.651001660271
-1244.8810473683639
-1211.5039047922758
-1162.972948618336
