-1181.630803963647
-1382.7892143277243
-1370.6861099191442
-1367.160363213927
-1388.4314072025586
-1412.1511524736904
-1365.8992474766605
-1569.7799158013322
-1540.0497396808162
-1375.4601822523334
-1586.2475517323726
-1459.5060617596048
-1366.583363100746
-1365.0542403326076
-1360.3164834290944
-1362.8741473044913
-1456.4667408180162
-1475.0676590949577
-1375.6337734941433
-1569.7018202424806
-1526.5362782280934
-1581.620844288054
-1375.0832311376014
-1592.9283615759255
-1466.7862512276552
-1536.2475305031944
-1372.675755956885
-1522.3753781767218
-1540.101945355413
-1549.1625087116029
-1529.2731429410753
-1522.7152766743914
-1527.0995018758335
-1519.9968336773227
-1531.554857556913
-1558.0380200876486
-1530.5871716336508
-1528.4465989003095
-1515.5928692777672
-1530.5270262695215
-1532.905111169971
-1514.420501498513
-1517.5516165365434
-1511.1678532529636
-1575.4232914415306
-1507.6632826083085
-1501.006340432014
-1513.7877680092852
-1480.9891237813752
-1521.2633060132518
