-1362.7789970102033
-1246.2640394181706
-1209.2277669591058
-1307.0536876593865
-1262.9146480496413
-1256.3927825571639
-1261.1573906697736
-1223.7051668856159
-1277.9849308045468
-1250.7467971641147
-1346.7706731338703
-1276.5434003194894
-1264.4079950367222
-1422.7115574362385
-1367.7612897453114
-1262.390894920973
-1383.3005355697571
-1368.1645372211788
-1240.4513119750318
-1254.3345058860748
-1244.1011800177248
-1237.8594338503601
-1229.8614723428084
-1236.711941399652
-1239.7638941166315
-1250.3000966347433
-1351.7452088624918
-1197.97970755697
-1242.384042058547
-1203.9359242206172
-1234.3246581110984
-1175.8274793212333
-1251.555487690737
-1172.7288235224041
-1245.6308858803022
-1190.8263660448672
-1208.5922765980522
-1226.8507159820601
-1221.7099033070258
-1215.7786132911226
-1235.8703733116427
-1240.0492986836173
-1209.4019810446468
-1228.493239649518
-1185.1119868160856
-1222.2780130609253
-1218.8694133122608
-1215.6689687721744
-1228.8111444155384
-1223.5265872129949
