-1252.4429446594456
-1177.207841442263
-1357.5572640973382
-1213.6496793870065
-1035.1800320418772
319.6535556394083
-959.3977642142605
-791.6102064607861
-1251.6612516308417
-908.811019449539
-1106.8723316375563
-1125.021084525334
-1215.7714543565398
-879.0311077028299
-1330.951693952128
-1145.726124470393
-1202.626161484867
-1113.3147616777082
-1340.5261140412165
-1189.9613297921887
-1350.6654169763942
-1372.2691529132178
-1397.6098423272142
-1011.4903333405276
-1290.291962188637
-1317.5210007355988
-1128.277172493976
-1080.4477436959235
-1164.579758362459
-1202.98890263759
-1343.1008091560252
-1192.3952702063382
-1227.3700259206107
-1145.2505618830776
-1095.8825942773567
-1238.6554685650417
-1210.3692300046541
-1240.505007996287
-1211.8391089036804
-1245.7475581878375
-818.6767057136765
-1230.1914083648512
-1190.062407814383
-1036.9744484483085
-1153.367078249993
-1001.0210905725572
-842.5961657806836
-1304.450366502054
-1320.3959153526391
-1245.0702032777363
