-1311.9811005867275
-1064.682290405496
-1343.2230767538047
505.5511104894977
-1229.7822707374285
-1275.2362290580654
-1312.142428105397
-1308.6473337967404
-1338.402156603628
-1280.83925442799
-1232.2021794114755
-1363.2387013215077
-1331.8741408079302
-1328.9160088212154
-1336.6235190551397
-1321.3822709612452
-1329.504517079433
-1307.574292984228
-1357.448685619307
-1358.629271944775
-1299.043501207731
-1358.6929736138509
-1372.0778150265194
-1342.9855755509516
-1356.0487531534018
-1386.9276988678891
-1354.9684840851153
-1339.8120495387873
-1444.404355853609
-1327.6182024524576
-1455.0564653095207
-1392.464325832046
-1349.768058836986
-1347.3751024192443
-1351.1163326224562
-1435.3091714348009
-1298.3816731803174
-1422.8878374018777
-1265.5488695835695
-1249.7928935101145
-1329.2444732272136
-1245.4436978465026
-1291.4944095291157
-1309.6025707099411
-1268.2190835852773
-1311.6683415136297
-1262.5340383126131
-1275.1731275575287
-1299.9245485938038
-1337.0417859317477
