-1148.4606090810835
-1229.5793000767515
-1264.28270320847
-1219.48969240765
-1257.3667801172655
-1146.189678291363
-1124.0188422451718
-1181.6721920659716
-1345.4186252783325
-1392.540610282539
-1182.2543145820287
-1200.9374913299416
-1148.6537157331434
-990.3370671804186
-1166.0949094361356
-1093.0197598001093
-974.8594824140356
-1160.1111477761815
-918.8925477126397
-1016.7773937042414
-1282.5050610521107
-1090.1693660523017
-1184.2319474014016
-737.4191930502369
-812.3014112196048
-1172.217635443553
-753.8422308199049
-1251.6161593007812
-1048.5569444777757
-1283.4188689955013
-1175.9163080365497
-1263.52183345934
-1256.117590402755
-1272.4533026622207
-1107.4554743432661
-1167.4382172949543
-1122.2929237735382
-1096.2275844728606
-1059.8234307010187
-916.8432358865739
-1030.9829895456164
-1062.7524594380093
-1143.993118516049
-1239.2987529489696
-1019.8089377709993
-1358.3123644442717
-1129.787993827591
-1013.3153125317929
-1127.7597939076109
-1052.2558861389384
