-1318.1519758221452
-1309.4958977106382
-1430.1254162225453
-1393.1722394399878
-1326.370708463066
324.28018096604313
-1475.8097279124197
-1354.3834380903943
-1255.894082405131
-1313.2997623215877
-1351.9574764166857
-1239.5373942284825
-1236.094188268426
363.2890443883532
-1345.5618099031692
348.9094878990247
-1349.4420030740318
-1319.374630699103
-1373.1182824764012
-1365.4016331679386
-1444.1746999846137
-1436.810142382767
-1468.7441847281261
-1386.7140157085728
-1405.9658379249872
-1383.7887063154335
-1365.5697143995014
-1360.7257666416183
-1432.099016402323
-1369.7044039729233
-1161.0947980217838
-1372.786278868512
-1409.375963270638
-1035.3005821625854
-1382.7467626901116
-1403.9139984106919
-1343.6066263448874
-1409.7543015162137
-1386.4667991589768
-1250.0570953770546
-1409.4808809002207
-1392.9019517155339
-1466.1376835789638
-1256.1438559223184
-1426.8217515324343
-1423.3080004541357
-1413.2372006889893
-1348.2928818679522
-1387.1807801852865
-1426.2957326423539
