-1394.042675968226
-1334.7038793024742
-1346.1979372979363
-1401.1814786937732
-1287.5869837644377
-1329.3750431519895
-1312.2673238395676
-1320.0488051763928
-1323.8988475497665
-1316.8335273014213
-1316.7523730905787
-1304.4907445380147
-1308.73950116981
-1306.4831493902113
-1289.4421126395812
-1289.226156666672
-1297.1984887806955
-1303.2011926088455
-1298.8246434894857
-1302.5853737366792
-1302.064395389299
-1311.4478565225918
-1298.303316727243
-1280.4050009354519
-1195.116640756075
-1293.8784034450493
-1315.5996036597112
-1307.6019404330145
-1322.582989152342
-1229.5677440722725
-1278.0893672816708
-1136.4342719719718
-1335.2868759400149
-1224.8875799661218
-1227.5408490101763
-1244.313138397855
-1225.3177268311354
-1273.3091104364642
-1150.0616880373336
-1102.0622893198233
-1212.7647333156312
-1402.8569375507934
-1124.779459670715
-1237.4392658621393
-1147.7147439227417
-1241.7337759096895
-1200.843467146758
-1252.0640319265117
-1247.9188437938283
-1412.2268818784016
