-1397.4416145700407
-1213.332616944832
-1196.984176937924
-1280.5977548945325
-1422.6898239368686
-1327.7960487557416
-1337.5562875062617
-1420.8218414079195
-1424.9099214633284
-1306.8505586655474
-1293.2319971551362
-1384.1985523303592
-1299.1437884509257
-1337.5619042084077
-1320.5343139910592
-1257.4066033816584
-1319.7889084461328
-1273.0264189158731
-1264.315150036593
-1286.7165990749863
-1291.345904539659
-1221.5926407115708
-1280.5023806036904
-1360.6341491670387
-1294.1020766706417
-1313.7802738778744
-1126.9701225357276
-1320.4128881748638
-1328.1882957653947
-1248.0329707892665
-1292.268375039328
-1316.5817712051612
-1320.1271395624349
-1297.4942929373076
-1283.2146589007127
-1380.244622683231
-1294.617244194726
-1300.4059618731967
-1261.3653157328627
-1310.573354336033
-1390.6052157426377
-1284.0160615071054
-1224.914598333793
-1275.5820911118508
-1244.6340409218662
-1366.2566711380773
-1305.199508380425
-1363.893339040616
-1215.8222096932989
-1278.0972233053024
