-1376.9265980908567
-1238.1771319443544
-1094.101209377235
-1232.2494958125642
-1101.5033214260568
-1312.3292744908997
-1326.5514189605497
-1297.2625844961067
-1328.7240462989066
-1316.482131471605
-1327.1913508315286
-1326.872289240497
-1416.4035853365447
-1402.527598443079
-1305.0399514277185
-1408.9717333041792
-1333.617413008097
-1415.9390385829392
-1401.8424988876302
-1426.0755065382477
-1395.2082603475353
-1416.4175529641811
-1406.003236739399
-1220.0776152725948
-1404.726124611888
-1416.432648429273
-1411.0287780100632
-1258.5438067535385
-1270.8839174206616
-1184.5397091950376
-1136.8953137361596
-1298.0576549724397
-875.3992851574669
-1308.7012139909637
-1236.8859920575135
-1234.1418494746952
-1153.4595370904076
-1220.750956952761
-1243.8847782886555
-1238.3680462566556
-1236.5267912672941
-1243.5738602144093
-1271.0065329679019
-1253.4355861176768
-1244.5636313563248
-1262.9642161897755
-1162.1684874612092
-1212.3866455098964
-1179.5443466111903
-1177.9493995233108
