19.62256400983249
797.7015972795148
97.97844084513761
77.646699151625
76.15608334738499
76.45626904062398
75.63516827786867
74.75730791815595
76.51299759975137
74.31375673940167
76.41920308988276
77.07952089324232
77.45887103693127
74.49454800482386
74.84524661314484
77.37138544790605
76.96086343674472
75.40809561160638
72.96076322060922
75.4017015952511
75.36974390320943
74.3730668332374
77.02683663369586
77.3378867432705
74.03222657873812
74.28876958146299
73.03520275198431
72.81189073740381
77.17553765871156
71.9950873960318
73.03655047257874
72.71275231446488
72.59037675928388
72.62552514669443
72.74710076305699
76.98078172007587
75.66604041219367
73.89696489998008
75.76145988600624
79.87577938557752
74.13647388301851
74.09378689819816
75.42056744139998
73.70646310379416
76.34492623808062
80.97439499671161
74.81791319797088
74.10346505483267
74.20244058954421
75.19762976480078
