19.79724934252988
64.48873268842092
76.30347698466507
73.27773101509976
74.02463215715306
70.75730748092919
69.64312068075766
69.92135263441857
70.58978709407808
69.34269248209287
75.97508296020196
70.1812567928674
70.11618288442236
71.91587948144331
71.51219655484506
72.3773798845105
70.82669218941248
71.61287264934883
71.58353366693468
71.88197486948826
69.91642145183044
71.97433780962555
69.14598752088058
71.72314726844851
70.00993692976262
73.08237262178373
74.47981233570341
74.12995861638188
78.56006847452379
75.60106443241668
70.47676564512376
73.04375295017613
76.03114252393941
74.18936719995617
73.54077153395387
73.89113491972674
76.29795520474833
76.31214678409243
71.57316755521298
74.46203436844596
72.14174005214052
71.03440455053985
77.61498536333214
77.64121648925536
74.79768881523745
74.22655858948919
73.47846826280397
73.44106205567566
70.53500395112886
75.170324529925
