20.6692985559957
79.30979681778793
90.09565780632428
79.0625443508514
76.56980384286659
73.53801322573243
74.77908063829946
77.56806201480347
78.2447080507223
72.89402875344678
76.1887785731333
75.43191339623102
77.1159629355259
77.05488285033375
75.91268589339133
80.45533553660691
74.38411537845029
77.43844847706228
76.55513142923479
79.18623553992992
793.5960277159166
74.89311120869266
83.61962947066182
75.362528833709
73.58283236919948
76.94876405044928
74.2603299964031
71.78670374045169
76.62332146197826
75.97250570463915
75.96028162318382
74.24434312086899
76.22257413208862
77.41071906564822
73.49539905581318
76.86624252488609
75.90343375031772
76.26319540994818
76.73895067373198
75.70513813922577
73.53197789792111
75.02303256905869
75.64603510244146
74.97868443780547
75.1783634364044
74.2308633816837
74.76172886381559
74.33643949193635
73.79078740458675
75.66452243074627
