19.693487651950942
802.3153355270044
98.1277645102784
89.65913589661507
83.73458175441877
96.01171471867862
105.7226878434464
97.5247329489892
99.62089543051734
106.60740755995651
112.10757582664588
141.7004650651213
135.6885642021145
136.6268269491863
153.24047168240136
156.36144692235328
154.05757664774364
158.51515585212408
164.9718261489224
161.31924235819113
172.88394810243727
180.97572947021382
179.0603033704631
219.21449921470924
247.75910302364608
234.00741676876598
251.7772923053232
171.77449517170817
217.18321318735434
164.31981561842875
780.6670555491556
312.2156107087569
792.8708560775214
200.84222933594327
276.19143105830636
190.56376065171096
260.47354248932294
170.32541090265147
131.67182964442415
267.42733063275625
306.2056954831462
280.3265561614632
157.2445821945467
151.78255197715595
389.1079792597765
216.73909972822793
317.0077140172296
246.35475109631494
243.49197588180314
170.87049565446196
