20.436549553698978
804.0028094429725
805.2035556062887
86.50758416258637
83.27857641717632
90.30604332261024
91.00432157885723
81.85235322553271
84.22533195522936
82.11367405229336
83.94992491700341
88.80458315782232
82.94339268878056
83.43383428473976
85.72843171130692
83.83416921143798
796.0269607684073
81.4980905379523
79.28169290021322
797.6351281247204
82.66542095328055
83.51332036976011
82.34907387806055
93.65406057695009
91.63120397751966
88.90282537870421
91.73316677462871
93.14995793191078
93.63083472185852
93.38274269257754
92.89434602285307
100.73376283963634
96.35505772114672
124.22795256243468
111.98139609856757
128.21550790807007
110.31082478751087
95.3156171827793
108.7579139384195
126.7887977567449
109.35100080964071
106.35936639136357
118.8746681735431
136.48052830510827
127.45829390388148
157.74276882263695
2157.473989960333
412.9487308241566
138.59768271563664
183.21463224118196
