20.57232072811527
87.64818473919115
88.01589300813565
90.49598605815449
92.58720823662468
101.41955953305417
115.27812663991283
122.56862587139466
182.2438929292686
174.36906588750165
216.6254976713099
481.4702655176071
660.0046114868095
159.89619534065795
219.64394386064805
234.4074170475884
2350.2639201957236
2322.436570652188
161.24312245718227
210.84394273114177
2282.056910755306
1167.3474239299849
802.7213606695849
350.3323002554565
802.5213187021171
167.99055395813178
159.87664713401392
213.8828422773727
391.64943553768023
280.4369306502635
187.99112524273525
221.4191192865554
2427.0424004885904
2444.0481860344858
2394.96543681063
272.1066306891129
535.6010790361807
784.5299675396626
2430.3146738487276
373.38408314722
2380.4515936747275
483.4952681687334
2355.4541495226144
576.6381853560971
340.9230201928118
949.2977529434755
1175.6796765076285
409.5039952179424
259.97195550353814
280.8788624001248
