20.6946647221609
806.5066151295601
85.96885656303105
76.52362516478242
77.50534749455123
77.12444584304217
77.36346067335747
75.12664117861623
78.07756378742205
73.9703548124439
71.4522619524229
74.24674772819526
73.85335362552318
75.42585647534898
74.75979286388801
75.67042466992716
75.57064370938274
77.72949542585616
72.89093768084099
74.2379801117419
71.7594244925686
72.58407189730697
75.84653102430134
75.5050841645646
77.73148326760074
75.24136333955605
75.2204255660902
76.11013130799977
74.38663507507803
73.76768606639594
74.91564628192513
74.79664744994608
73.56849418678512
72.9270635153905
72.93706657640848
72.82108168333934
73.45000615734793
74.39975031163672
75.10260287844349
73.59741057510996
74.02295448642049
72.38048655793571
73.18573184523112
71.54491387273858
73.70350371560971
72.9580378037471
72.41360069557275
71.78507726725711
74.25142094573395
72.02418145689262
