20.653601435704893
804.6050641982384
86.69788512351941
77.24966411738949
71.49080165255319
74.11215350557117
76.04048345243177
71.44145748103264
74.0303887218382
72.48670019690746
70.83754506322609
71.66629587464995
73.15201898158692
71.93051878037782
71.90453339565654
71.48760616230406
76.6585362676483
71.51458855219246
71.50659368994226
72.90094362006113
71.50931899468368
72.72465862121922
70.58935992259502
71.46304652924069
71.56673455573434
72.73123573227153
70.66099545424304
72.60019346239704
70.90595479752982
69.46355313595501
71.08077415334233
71.74660383996407
74.91378853343161
72.04525016358589
72.31618990479242
71.3068245933219
72.33822807603093
69.87500899009574
778.8211192774244
73.15514833695063
71.45461559292262
72.26612814168276
70.48937040793504
72.41769772466677
71.94313275429684
71.15085528868158
72.50073668980308
71.93778232382351
71.66997640114441
74.556818311854
