20.21475152881318
815.5148038924143
101.19038007537867
80.07459797530638
76.95180155279272
82.84127059245793
80.72404174590649
84.81775679204002
77.2651605329635
74.46096674620799
74.47576855577987
74.61488688719129
76.12671077872245
74.77709025636855
79.0688017132348
75.8483234257312
73.43961559226068
80.81338200157315
73.92447110010676
74.01493867928775
75.33599985235516
75.49587745230062
74.1201906590805
78.59828802304874
73.74641712139514
72.37735897743246
77.31703035640734
79.18909587187794
74.81514042926516
74.41978818232414
73.9076042613196
75.82442029187659
74.77686667799898
76.25233590263952
80.6268729230451
74.20904911321203
76.76876695257737
75.03449208959668
75.09833929683798
74.73041937789371
74.34259749779103
74.46026187111732
75.38869102548477
75.27583193313826
73.40359058372957
73.19932388613037
76.3205546171055
74.58662344009645
805.4442697426497
74.93848811813908
