19.906620460609464
82.65162859565149
71.0063682764669
69.83571578397192
70.54055080973177
71.33866100938064
75.52240092116872
69.98172306587298
73.35310985540536
70.68165387489967
74.1214687882827
74.70488763448307
76.08621457263644
74.1652146431482
75.74568277728783
75.10575283846023
73.60575897389535
74.31380781719392
75.84321458729323
77.30510732575775
73.77717818215717
79.52726951989098
72.78574122264129
73.90662127419091
80.30471500928263
72.45182579775516
76.94445031050799
71.78229010649862
75.19777008737157
73.58429944356148
76.65500756710749
73.85360045270843
74.39581056652854
75.07815483173158
73.61809149033334
72.91288210327282
75.82840739053114
70.71277144685561
72.02393789422007
71.34880375472693
75.12018956714817
73.84548408333886
73.71180379270035
75.54890866436088
74.16225357966982
73.58169536415335
73.63568912679041
75.79420531646443
71.32767345839201
72.49452694119461
