-31.309315597070032
46.153105295056086
32.84635159984927
44.56447393385758
40.47540895119487
40.472530495498674
39.539126389142034
39.05491361452527
35.7983478800998
40.490579635528256
43.13835056545314
40.56717269727825
43.85130864388519
38.90555194526687
38.84530229128296
35.01264054570462
43.17284707329163
33.91639712522601
40.85402410040056
42.92449197007023
41.323446840101404
41.97932707596332
51.32110853972136
50.746825793791494
50.16532324555548
45.48545532606717
47.1969435537394
45.72426494018733
43.83561326933014
46.50766865843643
48.63539583538969
43.10456399504821
41.525464308635854
45.37781062901104
44.65568190107437
42.027495757141146
41.728442441180526
40.93509177427587
49.02568929271584
41.49736347801602
51.08899259312064
50.635958811390275
46.67745161663515
49.34037998092001
46.83063170395202
51.09516460069407
45.094572512226854
40.028981482475864
50.127125591445235
47.44981750864843
