-31.735293184195193
46.06431118001784
47.91624202852015
47.98016141800773
47.065130744928254
48.98633059223528
49.414681209383986
61.15931325934431
38.79545594068438
41.677352533597464
50.54399627785443
39.96646668014277
45.08762075284041
47.05049261722211
56.363723451522674
63.66865786717695
52.47250091080235
47.34824466609805
37.61899313535136
51.82467348746426
49.900602502962734
41.601903293978836
57.54796214525472
51.29617933930072
48.063073615646644
49.60594161211269
54.890971311227446
47.673350911414616
46.03033014456504
39.878569074350004
39.86405341001775
51.65864660875207
47.06960563715888
39.17984004871572
37.91358965415421
40.03856904170027
40.749906512523054
36.876987030208596
40.90355078557249
35.94953183680268
40.3416804857645
35.9420220757788
43.26645679725364
43.94709552638704
36.80212385559117
40.16887452426222
37.03519232166678
37.35248729443954
39.0422958461125
38.1949850442792
