-30.185540260003844
53.45261200514679
65.41390206794962
65.28099808043882
60.705910655463924
53.732462668425796
55.28237576738372
57.95629688890799
59.79725688681413
57.41636291044794
52.172897683829476
53.41593367808698
50.48068072252025
68.08800525249913
63.81553353270014
54.83288957100999
54.26680789718196
54.367410136062524
67.76507699832867
58.60677086993716
62.70679181826397
55.676633166477075
52.08853483772092
41.12498987164
47.09833578783918
48.460150791733504
52.17799219840137
46.28187301923448
49.76174482144306
46.38607852332846
52.02454814337666
42.407304401960346
42.697602715950914
44.70800799477898
43.28327483624021
42.6812836376444
39.160554690797625
39.73795720354285
41.60971001664197
39.57240908477449
41.06119130815756
44.14992084406733
44.82679180195268
40.43022341048054
44.29176622126674
45.91758774914821
42.72071842490364
46.34249914306446
42.720644681123204
40.26855563666563
