-30.707659883025425
41.02734692949879
30.052794946885367
28.48929033723629
30.37514283596276
29.503401840006735
30.988414995159886
33.3543337277871
34.944384235639625
33.50687101017492
34.466554721932674
37.663460900808076
37.34365375972827
35.1086539677628
37.56249838555569
40.664715782698345
37.96979126973349
40.26934785393965
37.305422054112974
38.28019591413662
36.473459845150906
38.898919145928154
38.50467857350574
36.663525115778015
39.073607533902866
37.91636118463532
37.15504658295341
38.857136752038535
35.89140027793097
37.817632325626576
35.08442264410751
37.545336183509995
37.03067092689921
34.67288912260556
37.47006308959046
36.82149901518059
40.838709025866876
37.06708069221341
35.83150393568333
36.12391617264107
36.199643807663186
39.77522570444758
32.83071744120221
40.623356810532705
36.94025989994147
35.512830626657454
36.98171305507446
37.18337155341794
35.79506496641879
36.217786317957504
