-28.91673156258361
46.33112178299141
35.25680387912846
36.39175534817283
38.1085634184271
36.70744271657808
35.46568779789321
34.67984267062355
34.620545612537924
31.751951879519893
33.99152903097577
33.9656806686214
35.58924242268016
32.05978963639906
35.229715862765524
32.8748499858753
34.005798041152445
34.18383833028129
34.81081959531965
32.2365525852665
35.63482046836031
32.83854935180163
33.81884469042852
35.93534258622285
37.55428030780371
37.66487871588689
37.41941653619158
35.39296641420925
35.528632905882645
34.53326167287414
35.92332678021795
35.15089955897935
33.50499429947122
37.23845888871908
41.06224661138241
38.00737319406141
38.80103865111041
40.39621491588374
38.11325570459363
38.52494188564981
43.37247761529142
40.08199965765409
38.293498796523416
40.225804735265434
37.10159473603284
40.77073724075946
43.432799818434766
39.57615010034377
39.28208695868189
43.054488897967246
