-30.701766102111588
41.27570314660137
56.819275170491295
56.93678790088285
52.195604629715355
66.31388657947426
65.30458431315888
69.81019071200495
54.68909907937189
65.19661961021446
47.191769028145444
57.88547531852651
67.5313265646756
57.76703843660293
61.46666385130052
52.78742684715616
57.23962052376295
47.09533414251552
63.012910632318146
54.04867388331975
54.59640254277441
58.6429550774446
53.80627187067772
47.26216597537938
55.88653914670204
46.156189065154415
48.20118793639739
43.83679887785547
41.085517040077825
44.51579798192243
43.27161929183922
49.85842551947271
44.491917646204996
47.07008203620414
47.482948763785636
49.30085564525478
45.16895741118332
43.78309532223458
40.83439473215853
46.5847716799942
41.901473975963526
50.54217321264233
50.895922055626215
52.55900323441713
57.11447953041992
58.41950704852363
59.144517490112456
67.83580814243811
52.87130337749306
64.24417803710924
