-30.406194471173652
28.307477845203266
33.732751798938715
28.694462332064205
28.752103752837012
29.08925356021472
30.705918064947692
29.713276069786353
32.5308043013063
35.54837095690044
28.100346179289954
29.868152039739076
30.90277759770971
32.31894207341966
29.623690422275068
28.474145630556883
28.568879569735525
30.99175535530947
31.680878984391896
31.358977656148355
32.42472597920388
34.07469274746028
32.88409362839422
30.85872108582265
32.6312192574879
32.42107906457011
32.33709623344113
33.47500241555201
36.49170401673387
34.963479834248886
32.63441613966631
35.71413558670107
35.169445271271265
33.38557165305144
36.54561949058552
33.838968940203195
35.991369057543785
33.16787616952614
34.18019766445938
36.61569794751508
34.94505498163352
33.70136381241244
36.50338655594054
35.747868033167315
36.86166373449164
36.10386908355802
35.75262961670348
38.24182004802066
37.06838501341117
33.76758734947766
