-30.537289926019
29.870643270534952
33.61025517497276
35.97767075697727
28.585382555636652
27.115433981230442
28.926307604776728
29.834312738300305
27.025427562162303
31.25543462020345
29.33292031439189
29.7057593335811
33.88201127080255
29.860641224865613
32.409973295834945
31.21425200962295
29.711624754228502
33.66631841236687
34.18051711531911
34.017011178395485
31.408106981854626
32.082711290376295
31.995580501380754
34.031561053207525
35.45805667079362
36.90406157278823
32.33186475961848
33.74593802417528
34.770245649321424
34.99596584856453
35.342585700836246
33.348987439111646
34.7699965545908
36.16596990107214
35.8749093344043
33.42290643590024
35.500125662856824
37.30811996289626
35.087305095761
39.52010226536277
35.82562061596404
38.10786991360744
38.94384870167601
36.417179692535775
34.468098297843
36.63886698421104
38.09583723913161
36.46208335982331
37.67101428737183
38.49372665095099
