17.13712502298703
21.57539723978777
23.410107261795073
32.266155497386315
72.58351168062373
93.27839315572477
89.51827913829185
85.35338373850816
86.80680537659298
86.01100210601984
86.77721594090096
88.52974107875636
85.42720982575244
85.55384518862803
81.62567039487672
79.3605462871096
83.55036402745702
83.26802650811389
83.73495444338384
85.19224963929211
85.97894369856759
83.0364617386701
84.718763777631
83.8773696421474
83.83148248568332
85.39506326481694
82.69779533072817
88.63814486765747
88.26225140325718
91.91515629582379
90.63319787775885
86.42123548418604
91.34319818043501
93.45203847271223
85.1476360681052
87.88755908701255
84.71316737607307
83.5739229258102
87.66321644972855
94.97636202275952
82.39483083697009
86.88083736316027
85.968010440363
85.37079409739583
81.57321825517427
90.95683292925776
85.98227402968266
82.81079663610082
84.56792923059588
82.76261017103243
