16.554229013633208
20.860513294427392
88.59540308918672
79.16198736416428
88.51706723994275
103.46300379685627
88.8900463563734
81.26227795167596
83.49950952772475
83.50158025650335
90.61311111068889
86.38872859291453
83.00225282790072
90.6525515319109
90.51317077930221
84.98797644571064
82.40998243351287
81.89325425882323
84.2217808310701
83.09941156210773
84.6937905325784
91.80258648588465
88.94116511360626
84.35902896128819
85.55625380770195
90.35025744277446
85.32227024970675
89.14004463672309
85.93494671938595
90.3964730893954
84.2590874433371
91.03495511378861
88.22774848533132
91.20118093615928
90.59398164746358
83.0341592463104
87.81754678024132
88.75674563857599
87.52272884544291
90.73570613349013
85.10016728606081
89.16789424155095
95.23128782804683
89.32052778798207
87.12824920900259
87.28452128603685
85.08424896170162
85.44744669754634
87.80238034931224
87.07254886032742
