17.37877188291891
24.45156125485906
89.89379721886155
53.45253970861741
49.95189142200706
69.72545081773043
83.11035694408261
90.59653891338073
92.2466808341776
81.6229667752147
87.87352404231048
84.94489895563831
87.87296027168892
83.16288120260656
86.99232277949694
84.4710071549833
84.97220050346742
85.68057165662465
84.99914876035724
85.55079922876068
88.46842931285109
84.97221286051273
89.91016433358423
89.69251762425458
89.14983922717697
85.87038347927938
92.81903772131918
86.73425534551436
82.80232979702899
83.73115877732769
91.43783216376758
84.07862124395866
87.03140514225117
82.77409252499531
87.81670875767604
83.86359536319982
83.05113513574877
81.14481805070682
86.43830355355043
79.65228517259129
87.28154597330834
86.85580136221053
80.92969178286921
85.56610588792786
80.1675249072367
85.53582482556563
90.89300176615842
91.55931571706135
86.04563741009656
88.58590082714872
