16.60581541090899
22.354762931620268
79.22208622754998
68.25282596028717
77.83542419271174
71.1524616064824
91.34554435851703
95.68869285134458
87.84610315428904
88.26473314583458
90.72099708435574
91.96372924011071
87.88938782574058
89.08640488116049
89.54850083754607
87.25643385325861
91.41033942671346
86.67286779973189
86.65398133062195
85.31633976976259
84.64786834719989
89.32335156162588
85.19451295839566
83.51040856063356
84.00082850768896
86.24587195797638
84.72139958037867
86.28497328148036
88.57052570230509
85.21100184433764
86.37668651758152
87.15021225239938
85.01970240412693
83.35572719587994
86.84842082905493
85.72802836293872
86.21411020553163
84.36551802781064
81.40628239728782
85.5977059274757
85.47530009325854
85.82623257592317
82.72734645910027
84.84322358333324
81.13979788154344
86.04386627884575
87.4437516337228
85.0116063839625
81.80899074699614
88.76235617143976
