17.318958044279956
23.089485419558322
24.305431977699303
30.87199413749528
49.64033785251651
77.46360562500914
70.29627627150974
74.22697889404175
77.00746553839211
74.87780785520548
74.70282268634698
74.55530738036477
76.18795636327944
76.0963182192741
75.34220269261816
78.0264134256866
77.62779134834682
77.71342324938725
76.69787465221941
75.91163131379206
77.05266272270596
75.61258739824356
76.91276900609546
76.23145787437834
78.35349304388629
77.86298620300677
77.24216178331145
76.5715073482356
76.53268380046048
79.41504578395288
76.53368210027914
79.32440241359373
77.63519779758474
76.4778906190376
78.15606419186976
78.40093479755268
78.79099818369559
78.36152117599813
77.19491629687873
76.66722167736845
76.98081637624301
76.4504215212313
77.1397282958231
78.15812611670863
75.83325977201055
78.36153809914275
75.62107509637127
78.40600306929845
78.81559450203432
77.47344276474887
