16.637343746535343
21.577231883931756
27.628468724180365
70.41789145082278
78.46964878330465
73.87813559144142
77.46924013014723
75.97058217333276
75.76019632038978
76.26304454180763
78.28822081057659
80.42313387785599
81.1893821080029
82.49656402043493
82.48555053673695
84.29090615016166
84.59985479603424
82.98910366525155
82.25456672173684
83.03278941704716
84.48219254700146
79.98394219879364
82.20577624026673
80.5355149999742
83.45809896350099
80.30855693408421
83.05511258931276
78.66826408887947
83.40301452169469
86.81001896586893
81.6350785654561
83.21546463463038
84.65756451303024
84.27285134926835
86.13702917529766
83.53322971609849
83.39418401848661
84.91963111546688
85.39819474716352
80.97615977621696
82.00831220543488
80.72387732273273
81.20841029685198
83.14910645313029
82.11196328007976
81.8157307020675
84.18246265304218
82.1491519172303
78.9414529292996
80.44424837259749
