17.01696047747307
40.60364370477969
88.29680733253288
90.75115022749343
90.69533355050419
90.48738397670901
89.06993315852493
89.27993642668801
87.51999158505451
87.49268364018734
83.70256983246395
85.72623386815083
90.29384828734474
83.43725641209228
88.46614893366763
86.13580551711773
82.63526823550015
83.76809879720824
71.90549841048683
86.61034116152048
83.96768695187723
84.09028426020109
84.54420860603048
88.735060952525
75.3433802832305
88.65472235360919
89.71809319958824
83.98347948048456
87.397019077877
87.47950051618794
86.21412681249879
88.26876038117604
87.57369039297942
88.7608121116415
83.73244350584511
85.7890953741361
82.84010143106114
87.92406720569706
82.82175489491316
84.50092532488976
84.01470160245776
84.64173270441836
84.10900444505343
81.70980020250794
83.67053958941926
85.54984405837294
83.36402162990218
81.79427299746233
83.24009323779704
81.2865753982865
