17.134049564012827
63.3896785789315
93.53230554261721
97.72667161745498
87.16127349248976
84.67177463555541
83.1208724487232
84.59490200980765
82.17394569805536
83.80225414373406
85.4804755000637
83.44478521247812
79.99747979111463
78.65320056528181
76.60558484125158
78.44940046476064
75.16809593208927
77.00184391663842
78.73715299565498
77.1589059884237
77.4864126359616
77.10772158996404
76.1603360551866
74.51877865366936
76.68359575415323
75.60475375626147
75.1747862161589
76.13582085594616
76.10450480135368
75.19131135675501
76.29812553219735
77.12337172892657
75.28010553657076
81.48678150204798
75.0727102898431
77.3850168558727
76.58619652905108
76.64398569995365
76.85639701912186
75.64150591845055
77.45306354880876
76.10653858832765
76.18739150753058
76.14992076378512
76.96227158173951
79.22516070363034
78.42018573740195
75.27961651401402
78.68877269294839
76.83670159325766
