17.121326298527855
22.56552537511529
26.220034120751052
27.401827642048765
76.47866043141512
76.72112687638364
68.88842229191496
75.49912498662133
71.61342152013626
79.31464342746206
84.97740325411132
75.90128713264285
79.69571816411063
77.6173646083321
84.50741503410993
84.22379260389633
85.39151041243895
84.09542672190437
86.21454881239136
84.49153591514737
86.12341989670645
91.89908517033976
86.11320362050493
90.70013895733214
83.53778978404952
78.50380334621966
83.70410501256848
88.41994197982879
83.11732699875905
79.96939941038767
82.58064582247675
81.04281460619008
86.59996532165178
85.38154688585543
81.62068018380316
78.02204502656842
85.05882658450138
81.81238632027943
82.99758924144429
78.42082497862484
83.35960175401841
77.53819074199964
74.91350391732776
79.3806618304084
82.49714788156017
83.21891864266102
77.20970710509937
81.34854576842177
79.65325510282737
79.35464399446734
