141.98239282669812
673.9812739051808
153.41364400414602
472.51109768808726
487.7489280479494
485.25763010166145
480.0004780613145
535.2212346720892
465.328016720289
508.22108307549115
467.4088778985896
417.758766329777
496.3225462228043
575.1038580318527
542.2514910361627
459.8904977909267
455.9887672915588
503.622633562886
479.1491700328684
496.4952753296138
471.75480021256834
482.3665026227663
522.0388782334524
426.55017134719253
398.4631134641342
515.7098984962036
506.3421773796654
500.4686651394136
652.8080427911493
406.4719123888552
