475.26173972511606
699.9489595180688
652.3642766399591
874.404630178501
762.5665104306329
634.8168970415496
748.3453597535073
650.7106118197838
751.6740109945583
771.2510509884183
786.4093882641761
576.1347829847358
727.8983455348797
658.3744007559242
691.4231463146169
803.529332610525
708.9334782742302
599.8115546930309
741.4422330261218
658.4089882143254
637.8164103928135
682.3882515729657
607.9391100070789
698.8842236318472
727.3958663225455
754.4085304456388
667.850837454583
652.6338811250762
86.54039807809606
592.6036392424023
