-106.38771233853778
-16.993161171296293
-28.10283892772347
-31.250079904832532
-28.158853024265987
-92.86337141412558
-34.11285387315999
-22.547216609581685
-33.88106010832561
-102.38343197344348
-75.61541935074423
-89.747718204462
-88.51790725095228
-90.26490503985893
-94.58341623573288
-89.33705656463832
-93.51167867733854
-85.27942094548737
-84.30867324975905
-94.073310757222
-89.07181035573493
-83.56803764263815
-84.7910975471711
-84.26281692938909
-99.51970276355073
-80.26102290089709
-70.13588207082573
-80.19429344370938
-72.02338709788668
-82.8869854337299
