-100.77780426617711
-11.25820811769242
-19.448854283900868
-39.47195997030857
-50.27554098162213
-21.698345029368383
-31.7743145274075
-20.58227424513982
-22.80864097597627
-21.172046393821656
-19.89724177174393
-19.079923769044942
-16.764332625754907
-18.281892746204505
-17.402425131174454
-25.064945995554364
-36.29469488980052
-31.583441468708195
-42.14740597365241
-39.35510623079903
-29.146662402910604
-38.703397987005026
-26.417778015000124
-23.672239062660793
-19.442505647241543
-30.412070439947982
-10.88083937313717
-15.580863771034299
-7.323211838223043
-17.478646753273274
