-76.70827050624428
-12.565766551759596
-29.779754450559075
-28.508877032995876
-28.625757001986294
-12.611910209458829
-14.773917066546803
-15.898561735164177
-18.7093201974954
-24.494807655161402
-24.962476005573464
-36.94319917022378
-30.66500267166615
-38.17706268338851
-32.60576191567732
-33.430293358844345
-27.70592350193984
-40.2268373447557
-31.153530562226983
-51.373457825753285
-22.496702463428235
-46.16110490622063
-21.72465048287874
-37.269402079383056
-34.78864177998034
-22.714492362351393
-47.53598638022161
-41.343241849904224
-103.50253336937527
-31.64973441678999
