-1065.8369954062218
-1164.4801676069983
-1113.1046153766124
-1115.3630826873855
-1039.1961438428032
-1111.10318554121
-1119.2248652243543
-892.5365095925372
-1109.2672160661928
-1027.089885545235
-1101.093252520093
-1038.623422279602
-1013.0041427310003
-1115.957852761533
-984.9091614841295
-1118.9273106937565
-965.4179773369112
-1089.5748336813724
-1098.2144476034803
-1163.4140149326527
-1107.4880129460737
-1168.7390956938232
-1117.3488276026683
-1130.2648906094887
-1140.4885689334476
-1054.3532547350128
-1024.6352860305058
-1139.8513924134038
-1152.0746966556665
-964.3908381746161
