20.6946647221609
727.090262032234
81.94997148615603
74.29600779765846
76.48811987609821
75.51629938738455
78.48031308020344
75.02394686696262
77.23319753451962
74.26079211778129
73.07519430979157
78.36694164290671
76.29320995997774
75.00396513024438
74.68811953699101
76.04282322215099
75.48023550705584
77.84025222891177
73.10778984829182
74.7861413291081
72.5796960621193
71.89762301679191
77.27674170017205
75.2549642906568
75.04464965850141
75.25128999576096
75.66250658694662
76.0446467584649
74.15941256876877
73.81281068937581
