20.6692985559957
79.30979681778793
90.09565780632428
79.0625443508514
76.56980384286659
73.53801322573243
74.77908063829946
77.56806201480347
78.2447080507223
393.91134936701474
76.17082347417309
75.41160232103049
77.35019460983288
76.57733066584423
76.15306675783863
76.54607503470334
74.40607557985632
76.8987123644362
77.45915638839455
78.83560896194236
79.00369055494708
75.78237626317589
77.12081959793005
75.72795910966536
75.52420237896277
76.68047940544672
72.69538572566032
73.60693839178684
76.70569970045996
77.42660179966914
