-28.91673156258361
46.33112178299141
35.25680387912846
36.39175534817283
38.1085634184271
36.70744271657808
35.46568779789321
34.67984267062355
34.620545612537924
31.751951879519893
33.99152903097577
33.9656806686214
35.58924242268016
32.05978963639906
35.229715862765524
32.8748499858753
34.005798041152445
34.18383833028129
34.81081959531965
32.2365525852665
35.63482046836031
32.83854935180163
33.81884469042852
35.93534258622285
37.55428030780371
37.66487871588689
37.41941653619158
35.39296641420925
35.528632905882645
34.53326167287414
