18.095603291518948
30.84279897345923
100.3314544022434
89.2628309390869
83.7952415808283
79.74126975283453
79.23900365591147
80.11764706287327
80.6437384567988
79.93688925789883
78.85538530914336
79.65231552117
81.15487343891503
83.77078008291053
85.5148828216735
80.87566199692363
80.03611360611006
84.91554355414925
86.42776835065418
83.38121616928568
82.10717727386934
83.87618686386361
83.93154143164023
81.59982761719769
81.53395851089257
82.54109894717772
85.74693685666206
80.94096807980435
86.34341018454981
80.29177348489127
