141.98239282669812
213.9678309998184
265.9730984725669
301.2575712254678
178.2274443867704
209.00724825822252
-9.79918593722494
251.87636882124215
132.84160787788855
39.3772029598367
60.12366385135248
-246.1980471766945
87.59908929329389
137.3579169045261
-222.71586779380883
-56.0903043477723
-503.28741569646553
-388.23782146288937
-280.60793027064284
-614.3271558737817
-385.9967046988486
-39.120715934673974
30.270521035487736
-127.00583144375696
-68.13080766266353
-793.2468812655139
-623.6379725123824
-696.8948514327908
-1022.6410615639257
-1049.1790419240685
