387.87981345151064
117.40632842500344
119.64974251712624
227.10768454465133
180.32379764811924
84.22761561836423
113.88630479765128
124.32542952397621
134.8706733836743
39.15266614062229
229.69672517443675
261.9798212014255
257.76234104822214
-172.0180705399923
234.49842712570975
110.02521751097879
256.73228205777826
385.7266396546142
34.264347317267706
345.658633520553
236.36713567548574
125.09760317269095
132.0951425644629
71.98103225371307
-79.25736556593772
55.57686250095138
2.2016723562730514
168.09723808130508
-97.2739641654596
-241.997756962496
