228.9576573252526
114.27510016326275
145.677417150722
190.36651818472873
353.233573541099
185.30588136755387
136.31881198999304
-51.17843494413688
190.54050040685829
188.96875169317497
-130.92225487092512
223.11166617389975
100.06132246648914
-134.0371352774397
-454.5064316739954
-279.58032137010446
-272.77144626815533
103.47212253764731
-624.9684172728782
142.95729128448022
-363.0495609401882
-256.82014341569294
-215.55093789141827
-242.31159439851777
0.472456845919039
-115.02420724296258
-282.4186336532249
-178.3706182858618
-266.4862413038497
-338.88727165325395
