398.4868314203644
229.14285161878072
262.5513993966394
4.310662891108118
231.3737604649241
225.74497926366604
59.538016045340925
244.20319088198144
-38.32411711991443
-123.29882433981548
-84.87482034890427
-48.252823573006054
116.02025021570591
80.85631315665091
56.740934837447966
107.15935307474714
66.36976112811827
151.91152623063093
26.803263270629387
77.64016656317683
-70.19011005596839
-24.732883253070746
-414.57866710344246
79.03287110817473
-60.839444425157865
11.126260721014088
89.29335246561968
-15.196649784095698
-202.6967945152486
-141.54657217397607
