-108.2513462473727
-34.53775771395263
-113.33515333568131
-112.79012458655214
-36.60905548179875
-3.3040467009694994
-28.52184345079986
-20.181223523606622
-12.320986949827674
-20.885243309404242
-11.235474611242163
-31.13165027426699
-37.00793212158255
-35.79782491681547
-42.149177011991505
-80.61574288334828
-51.284256804063595
-49.28659540373724
-49.86331097274835
-51.59831375615443
-55.31892954698667
-91.55314495261247
-64.56976704245304
-65.38030027099322
-62.89019469364025
-54.763050527749584
-48.76340660131787
-47.75669485232258
-47.55471444117438
-40.142288112406796
