-91.06572265259446
-108.7749167122498
-39.49928691079083
-113.47987491691217
-41.161795860047796
-4.659049494479903
-126.11040581934483
-45.545068233109625
-41.29144191718055
-49.118483073937355
-38.66618821192286
-68.4402613364296
-69.74710073833619
-41.25066499232074
-55.27825942764022
-47.66763598134922
-41.85133071974476
-41.48932600518254
-54.09545394074843
-57.00682634521854
-28.63243814160631
-51.780131739310114
-50.828141037822775
-48.96448329872313
-61.18117725514231
-47.568793435429335
-53.98044691086328
-58.905326458993365
-48.81434277012185
-62.050304140136234
