-106.41976047342985
-122.9718844466194
-108.86280296502936
-117.90230046418301
-23.256674974445403
-15.872037844196898
-22.912814584038653
-117.87035999665065
-41.3045130511677
-38.29336175239905
-22.847545521292826
-11.506679691890394
-39.309356423157816
-30.54763389580505
-35.40580263762526
-20.29653089796347
-43.77966211154757
-35.7411400602105
-58.536859373818764
-119.38559236171596
-35.96761244931626
-35.06926843856511
-17.46715899426196
-76.58400145408962
-25.846535586077035
-33.962004519668014
-21.599029741213304
-35.011677393959225
-22.050587883002173
-11.994760459776575
