-100.77776329129522
-68.00268446498308
-94.37038723876734
-113.66662329455603
-10.685747359538166
-41.411445127998334
-31.29330140646129
-21.38260067390305
-13.941101719683584
-24.132413081830478
-46.596769757292805
-23.564027640266026
-33.75669861980038
-26.06221249860571
-16.524023547310307
-50.91782803292361
-17.646629641208182
-23.733666589754147
-11.107965744274201
-23.478617813961034
-44.85324492092824
-19.463624891778007
-21.94428107074835
4.91605477396482
-50.01102436395301
-16.381952513863876
-46.41358275252905
-24.43564247936974
-64.82584430012037
-0.7002055425529579
