-1106.936570871686
-1266.5455532727105
-1068.7161016358618
-1252.8539436740007
-1288.8533179259898
-1323.0638798646512
-1293.4999349632767
-1222.4137350549674
-861.2426445549684
-967.7205366012184
-609.8535617164902
-587.0197039919553
-370.55818836273687
-150.39224256975774
-191.12846561389895
20.20308401036454
-167.3634785165688
-1658.9646330077512
-241.24501382805173
-32.42840390245702
-124.32426132156696
-255.03021731267944
-38.6907408598621
-162.65898519901248
-149.59688829277445
-320.66424066780917
-775.3175213492801
-67.02316633066513
-2.3985505398421534
-16.199038315276262
