-1012.3077626333578
-1217.8839529692807
-1164.0451321321984
-1200.215879821711
-897.1515496846201
-1160.3076431476713
-939.7118613357687
-1067.6400521309706
-1017.4930889771175
-1110.7729096125126
-1138.9264524929229
-1163.784501094862
-993.1877400169296
-709.8489273834382
-773.5877817496308
-176.02750316406005
-1073.759186952394
-79.51390474395158
-294.84752248598517
-1197.4028524604837
-629.4631224761547
-112.35643493373493
-1274.3906948451875
539.0648529107377
-1514.0289832866004
869.4588545774865
101.12108599494678
622.0309724990376
-423.9661435677189
-1069.0122414748532
