-1178.252090338957
-1243.9105086930151
-1370.2021876889967
-1326.4291459123694
-1339.676042172272
-1276.9124348737296
-1159.4078297991007
-1167.9926198688097
369.7800763270039
282.01525639558804
-111.90591116082798
-1188.4711080131522
-765.2028833684761
-1242.0658903600802
-1438.925389461233
-1259.467583747144
-1243.3758565009578
-1074.7527914327775
-1277.9488927693735
43.30078013201278
-1007.9579284161575
-806.9310989574328
-1196.422358512059
-1051.0878902230315
-653.9200196733889
-603.0315680194724
393.48773544511084
-715.0283947602627
-1141.2648796591486
202.60316872140996
