-914.5887546844612
-1986.5856914803855
-1544.4838476224884
-2372.459321286318
-4568.592105574544
-3359.228632975496
-6668.727262052481
-2065.6599624008827
-2296.6923741910277
-3588.940111148597
-2042.4649747588912
-1920.4341129580441
-1982.673246219921
-1697.7151670908786
-1507.9849736690967
-1639.2998904396222
-1631.021496252688
-1568.3278410374262
-1313.64803013831
-1651.5751783428743
-1915.4680331931825
-1501.7184688990453
-1426.1454796451173
-1648.933308478611
-2505.35419676715
-2401.2764430365337
-4716.055715949586
-2600.746207578538
-1738.832224822524
-2217.520686863212
