20.653601435704893
-3.5082445201654737
-1.212927914016484
26.992153030301534
51.99183440182775
15.797283563080404
20.446528945902205
11.411876627961963
34.7008872758593
39.41804211697071
30.297351303771137
36.79245041059053
49.43290547878492
32.868090381762535
36.09276425121387
32.417124720159016
54.56076592169449
32.42191405114534
51.20327490839234
13.063369065319737
36.186899098385176
41.36382523183583
45.010505101945675
42.285986768203806
62.57803933882897
59.706461843966785
36.667524816513804
33.39614845892507
72.10452570592433
38.870079474722864
