20.57232072811527
-9.222699649454025
-7.2756146651470335
-4.662607598922227
37.26688843605458
23.94221872111919
26.1006334774445
26.822122600228276
28.306850186226423
44.192017053453675
35.167586516004896
20.016724528571384
45.91869835579338
4.681236483293846
25.73179644263356
30.080866939924448
7.4357525163445
11.364237838068801
19.85550280097576
17.443534387123183
26.064159658294543
22.503970182184666
20.755859013583798
56.81418963320206
23.268103251641904
24.797308143694835
83.57611827165853
45.675019458559255
18.285526555490318
43.56722083089561
