20.6692985559957
-11.853891687047193
-5.100677329996337
0.0740200868604548
20.36373781625345
42.98792009197666
43.25361192124158
54.84785443216033
34.59648582133999
49.5147738631546
42.27102983427864
62.00914755624456
26.131624169041288
35.02382414170702
25.3638958015505
31.990957457492655
25.67755157928205
22.883628155494474
26.269792268607127
33.86741619487571
32.5209184941843
25.39551289543021
27.41358419819531
30.520141012113427
25.426361469057326
31.147630467739248
26.788935597690006
27.13023702150962
32.84114927735678
31.92418395372634
