20.6946647221609
-7.068026122357793
-3.150270236833196
24.93847269579017
25.768738118203544
28.329773969258508
24.746421104158195
41.303954111143014
15.818557501716041
37.418969514190394
21.186059444469638
31.489590544024562
9.43673819072994
27.308780244873976
30.579865665013706
24.517833841679433
27.261039312856717
58.84285347756794
60.225531806572356
61.60784385952699
77.61076617034162
78.18549498212747
17.770398569202463
69.50093951870264
42.90908262736088
50.84277966543116
28.771265029747397
48.98995961140032
37.63727422396828
72.85805232719163
