-31.468521565720586
-137.56986517036063
-43.78006510266039
-11.95552966584358
-3.471057563890913
-6.396154852075235
-4.177863748325183
-12.101034892877717
-25.43300961094114
-37.19715194199546
-2.0651932129329675
-26.092430724743007
-2.7341297360790144
-12.58005506989305
-15.975731559180407
-16.464479767816048
-24.177446748473297
-22.063554402765043
-28.0115238812161
-19.283588595627137
-4.902038476465061
-11.358780720261693
-15.570353576251112
-26.59792691536958
-15.968884761283649
-6.756172628294953
-17.894038937645753
-13.339205585609172
-19.094055723499334
-7.2941732480538075
