-30.26744284878685
-69.99326953755046
-28.04667614804986
-75.91026542393546
-45.19230593945243
-40.76110182173776
-26.87110216899611
9.699206600352074
-23.469484834882962
-13.960390943878219
-37.02469295851886
-12.673884408328474
-4.676185983885923
-15.589432928373125
6.802038991541335
-40.086902415920484
-11.72640091730282
-48.395667673230825
-19.8023347272509
-16.50296093788041
-31.39100221210007
-6.485305935506379
-57.23325310766184
-42.5383491523352
-20.321176664360483
-37.69758259716255
-52.0159192209611
-37.03717646925011
-42.23003124556421
-60.075860975595845
