-28.91673156258361
-51.406110615529045
-43.14448734425026
7.5584308750535225
-33.481274674927896
-59.261128398954455
-9.381277513933469
-35.48620026687449
-9.11464630842727
-0.49600001215642797
-30.07451803081951
4.366079700202623
2.616728407604461
-3.558858415763313
0.08191896673513434
-17.19480615199535
-9.372933293065726
3.6372973634309336
12.704719783886146
9.351854846931476
21.114550640667616
5.810652624038228
15.367986505086364
5.619340139668632
13.586234358247326
8.233402994381805
5.546727835790379
10.420176416656437
13.42371142450914
15.230783553041451
