-30.701766102111588
-80.43613028455846
-101.49616756586576
-63.76026633991109
-17.070064975006527
-80.54765362560538
-61.07322646931449
-55.21692695430573
-108.32199282106505
-94.28585219666304
-66.24972572168524
-47.126115590846815
-70.84890457240708
-118.10368986785438
-96.35041989033718
-75.96317366542998
-94.01415663318055
-97.2687115802047
-94.9340128702967
-84.20920892823875
-161.22551107944886
-139.46050252606642
-138.3569682429625
-81.88376385221049
-73.59956614734553
-104.33212060051405
-147.7566611203799
-180.1269113885073
-159.20432149871263
-170.58281608094438
