18.095603291519186
32.90274557626822
90.35334820246813
147.93501914330633
177.3128917001561
48.10296905541472
54.908555932483154
84.30911589067205
172.69957275171078
93.23125809295925
91.20980440656695
469.1721353219945
54.18995630527109
272.85668217095287
202.31666082293964
47.52909131883425
108.41798914919991
171.06748150511783
59.335194809516906
40.74445037736679
82.11871986038678
43.02116474300165
186.58466344387605
57.4960673721349
52.36161360027153
60.91793675290872
55.58630557270226
55.33088341802541
40.433350102559885
50.31574013294458
