17.37877188291728
115.49006839387543
54.068710326233784
39.517319116927226
64.36160949700133
64.42630243001226
416.97620445864857
380.7241958409315
122.69635208130103
69.95061613114909
18.31029480227498
58.61106891303855
21.380353045669928
12.29365405987818
36.604458323414526
32.65504507206377
30.76359375475275
36.78703083236782
30.995731704884893
58.274502163614464
44.97507139957267
37.68645860085835
44.41120376257313
55.45104329918758
48.78959464861651
60.90612907630074
56.3699816206404
65.87635105513014
74.36472621905195
51.16550219579978
