17.318958044279956
131.18675965269497
52.13170706751359
170.18971150103263
193.38316416595958
22.966074291288397
38.46102515228278
162.98084634795848
30.655462011328495
166.71676722238058
55.664842402052884
219.2506597412127
265.93252305318833
104.97837638903295
44.223325493184895
225.2981412792332
79.30276496959253
29.360175905612323
57.1011959217729
121.388954434962
25.995208403038724
21.04907335502631
58.156705218519065
18.6341019025423
58.052864892585326
47.05651725172493
34.87613857276302
58.48913975013856
33.92608602784463
40.27610286257646
