17.13712502298703
2.1364866483844995
158.76660409328608
153.1468964045747
147.53642548886572
45.87585991762405
56.44561930753319
46.02777587130986
48.12753232014851
16.135350214204106
410.14526900747035
28.50793286982647
137.51534935812148
158.3060782863298
45.50715733231949
16.47676518402808
44.55725483023553
29.933513189828854
22.057710259589577
25.987871792735994
25.960159737909322
13.642425261657625
13.917964067722528
39.36503587805551
42.172723496253546
44.12613748288374
31.563035075047157
8.96336380388073
16.79840720297348
24.782960662764527
