0.35552846932550886
0.35552846932550886
475.26173972511606
699.9489595180688
671.4077122409024
832.4437230775077
448.6715578973995
897.9142729035641
774.0309859716721
757.2034770734408
725.5925953542227
812.3991088799946
704.9571775464634
607.9541723103139
474.5779018291167
542.5563483347095
645.6563815989444
618.9884578290001
694.2628105372864
838.7254733020333
755.2268833404872
706.3197856549523
770.592217256253
553.2345383809845
817.373787306053
675.5221914381948
655.9993227858557
609.3013946157965
677.7453078174532
642.254944951504
728.8548082509504
639.5416617523094
