437.12029882680076
9.345164863591751
470.9414114766651
349.70089908781074
651.4289248642212
635.8531050998848
672.0932103456647
553.309287010729
646.3765397134059
560.0423752607933
730.0528806231686
664.0210531535089
577.045614156458
666.7976028032241
669.5397587563485
474.63307109328485
674.8131718018903
585.3449730580251
568.1407615547809
504.4217854256828
597.27990549467
666.9464665108628
733.1383050332365
537.2963664359853
652.5108763836109
484.24986570411295
595.508354199194
491.7544956724501
668.1169178817229
812.0679674128342
