438.0709971537812
618.3749735599878
561.2744229210541
451.23461685809485
322.9275572746176
410.79405676425955
262.0174001606063
410.26263840018885
268.0405530387741
420.0217382446496
465.6068083203091
480.1643153800129
380.2338876158709
513.6341800160701
423.2164210034988
342.0677978327704
457.61902650414305
386.1413584061345
554.737516653889
467.1008438507694
458.3492934038067
527.0939625309197
390.7527467272943
407.14635896848444
575.1694326758167
371.76089229249305
380.86934060661576
382.7457688324291
351.85440451809023
297.243198664974
