141.98239282669812
673.9812739051808
479.0939773362044
149.53505160339566
612.4244978235763
602.0993498596416
585.5827753816648
458.14607850865093
518.0125835842616
521.422303266727
551.049055612279
397.80223125399186
487.80759393292453
711.4122620934522
671.755873984082
361.43096718669494
419.4462235211379
440.6984557206148
536.0788065628385
542.1246526918947
603.7175291782667
699.7586413661377
631.2123235737671
714.7931375209656
366.47843472802504
403.3365375173224
373.49142176295095
554.2177874890738
533.2577203384043
724.9957234908301
