-100.77780426617711
-11.25820811769242
-17.183583676533814
-23.604345438089233
-25.86201218501423
-32.33135505753696
-31.173713593078308
-18.11506887537433
-5.643587194022414
-26.679645846088714
-21.213111728403977
-15.152774685157594
-18.346152319186082
-21.13076875572327
-21.06334812664231
-10.788364593580415
-18.608206834487007
-18.720065618189643
-23.06728331914978
-24.47176301454378
-19.30410515378167
-21.332904259738175
-14.243039439109463
-22.036916182993615
-23.242100292542943
-20.198925997722903
-10.75906387857161
-17.962808536150217
-10.662358618793403
-13.340638640947036
