20.6692985559957
79.30979681778793
87.05349013173743
77.4892418945757
79.9825611700518
74.97206525240263
75.44891155609653
75.7353886069141
79.22826648417904
78.37117868157108
76.94083730174412
77.00235679395377
74.69478099646795
75.0177468688903
73.82637778433481
72.48173421654204
78.45177040999808
74.53482291087782
75.0885997579
71.47804922194419
75.97362459823673
72.51797724857194
73.05505153157466
72.05227168987625
72.63881025095787
71.21899812156741
72.26249555194934
72.2902114841147
71.61229895617146
72.45580305262264
