-28.91673156258361
46.33112178299141
29.762914760644207
37.21273129267612
31.402343868483356
29.637408694727043
28.99262071925328
29.99736231337888
30.871020802278906
30.023776279147427
30.21990896926984
29.64578449028884
30.27031149014245
33.88786046917171
34.532403570473576
33.718865270438435
29.812484882928715
31.997600969738745
36.89049202278848
32.818475402654606
32.92758656685974
35.75384166773242
36.17499258545683
34.72221953129911
37.35141715548426
32.21940676853863
38.152589249795895
36.93076523404118
37.8084722058135
39.24420641311021
