-31.46852156572044
30.632483800547234
24.175222154379114
23.542420515903007
23.910286612452794
22.545456213165412
24.227028282527876
26.914717799316914
24.119074143809083
34.176049358817885
47.82553339537081
37.241637770241304
38.32667510260949
45.95803226872042
41.640316725502146
34.93531468519174
33.200496089474306
35.453007611888054
32.88488885636421
36.72076298158076
30.22369608314674
28.88581607809532
27.652612844912195
27.716230161060412
26.57452075064583
26.409137320689663
26.62528600002462
27.718625683776043
27.118653781338992
27.6974911455407
