-30.701766102111588
41.27570314660137
54.57628799563682
58.38573562685904
58.41356253436888
60.67942052008498
65.49693766281582
64.10202361128897
56.235201281139666
62.346346167770726
67.88997263604506
62.08785734305727
47.22380071122087
56.74641683177476
44.45450403826617
62.19743239282068
46.02181684750374
42.86015964955847
46.45470302464906
47.63445380347964
56.15213983961117
47.259856194355095
48.21588360485542
45.94825285673755
53.50216354333286
49.609249243305904
49.70485575121619
53.143658561476045
48.11741218033518
51.74356933970371
