-30.26744284878685
58.78281954303435
33.841063819723466
29.14380800918434
23.222397834863866
25.936604489955926
25.594003400385116
32.59808612717376
35.269282982563986
37.29123390494755
41.39186446053965
48.85160054025176
47.45871389916627
36.62781979882448
29.990338743552584
34.54609633874857
41.57779288051293
38.295449639672164
35.58368828506164
31.33406386968871
31.950193449854442
33.23034053068633
34.00345197451178
41.3258904091454
34.3883712819733
41.788710671034785
34.20061708614235
37.433698856680024
32.874933460708625
36.12513810403317
