0.9563361545384396
17.37877188291891
24.45156125485906
88.9760524350636
34.14545223028109
81.37593446813804
44.49786578653054
46.5991140384372
83.88951489598004
83.50577845285937
84.7854566446588
88.11272033894711
85.65107965722635
88.04400199264265
87.19734709791457
86.37966824236423
87.20839769897565
86.7482615226306
86.65708709715544
85.71214901910191
85.93958697467004
88.2088266966722
86.27929746539583
85.42957131709811
82.65795561218992
85.80718253760143
83.00568637974638
79.4508567538255
83.58372959910774
87.68354398997953
83.04300573159324
