18.095603291518948
30.84279897345923
29.80980308255413
41.5267577294761
60.46576917982768
75.33956557249202
75.814180885098
76.45330175728523
76.3760627563498
78.19089981894201
77.68557553149604
76.69208123536237
74.04412127847036
74.7497131306981
75.99415908810998
75.89064885178924
75.37344302762563
75.75112810069344
76.21520942375253
77.12030631461957
78.92039096120189
77.91929177192924
75.25480230804524
76.31125571897837
75.41766389886342
75.81681486549385
76.05356733322787
75.85505882355375
78.00249080993134
75.96322523513
