17.13712502298703
21.57539723978777
24.16215228356305
60.874715088426015
79.11376091523853
86.2750461479686
81.53926893629271
83.19011642047326
82.7281788280534
80.32288564390767
81.66356200199564
79.07332396894824
79.61365526842185
81.6730065557114
79.60726584138077
74.44716198525202
78.1016353986328
81.15172190036363
79.93183024194092
79.45604668538407
78.85489237814681
79.45891269829472
77.15789283485238
77.19948893875254
81.54990294357665
76.53078288956348
76.5778605085973
78.99620176336865
77.83350620544307
79.59437686513276
