438.0709971537812
618.3749735599878
545.9569832567537
686.8108496789032
526.2549937658872
563.4497519610582
391.2359351103121
530.5394358553921
645.8673447728075
566.6656738231844
425.4456050736509
482.60049844906445
530.099540868093
474.9107403793432
542.9772850244904
512.8207308782064
370.9719916542349
377.8397591431052
456.4662994494382
401.8760827601902
395.8637746943947
621.9515470149851
454.6270349565612
543.7444762470649
456.6869218105503
461.0345250912563
430.7528133262092
535.7194869094209
379.9989578900486
529.6658858058701
