437.12029882680076
9.345164863591751
474.64120579992584
629.9927127773433
545.7807512061638
558.6790076518172
654.894923340597
791.500914083512
749.2774114034695
672.3936357942698
688.2676695956012
766.293469991539
709.7051967100007
767.6217726448432
773.6301576301976
737.2583774757838
722.8026275189073
676.9090304678401
695.9765728157167
623.7300343456895
716.9704035618435
652.8702056741696
560.4043747730042
686.6931437802314
744.9067766963673
626.7287526967744
712.3653621745513
659.2346059668486
659.5353319181503
821.0012405509232
