-107.9331132419985
-9.468189920975517
-22.22062403941901
11.617341828852277
55.60928606579512
50.32442660074807
-90.31051904854995
-28.896454148139195
-91.45786796669081
-89.94750544592368
-94.89330396691865
-97.11325985175061
-97.5938440031521
-93.29819529983837
-96.29346807415101
-2.4807810145417863
-95.08762997222132
-92.16742671431135
-2.343960959518335
-3.4403243608623746
-81.80503976937631
-89.05831481636687
-0.19728996000065294
-82.33974763621359
49.1244132680247
-11.338129341808465
-67.78322028757009
57.93001666949257
56.38455012743051
3.330349097346887
