-1256.6064918461088
-1188.7349590936067
-429.3733632337347
-1020.6698323520687
-150.08728345101986
-896.7861814641972
-1112.1592951611533
-891.2256462821281
-923.5362850817033
-1114.6935590389414
-1043.3079740666847
-878.5462527864842
-1104.4056529770212
-490.0560717881327
-897.0536790578772
-1041.0175523621854
-517.7320542930782
-954.0439144512128
-909.762964098257
-577.1572436719681
-1082.169663540425
-1068.7418790331037
-924.2949671326814
-1038.0678058581577
-1066.728768758195
-1077.8639181711942
-1069.8913440455146
-1000.9443183797456
-1115.7522825326926
-975.7416686163216
