-1041.786209020891
-1174.0870951841546
-1223.7254150139368
-1128.5910125518758
-1138.9516189180472
-1100.2536168684524
-1179.674729106519
-1175.4876840852266
-1239.186672898909
-1222.5457502661548
-1221.6559566516476
-1250.277501228573
-1235.862131215393
-1263.9514485860996
-1315.212172082387
-1307.9124371029282
-1283.967319609549
-1317.4925099746931
-1288.631165777006
-1129.881341447169
-1073.37453079035
-1278.0490002060556
-1355.9028036055945
-1274.415029444602
-1252.3440450032979
-1324.9773695265656
-1274.0867007387203
-1223.4008356789152
-1227.6407202364396
-1356.1265142220716
