-1226.1159013139422
-1126.345387238205
-1124.538029768079
-1082.2849021268905
-1243.2637308235917
-1143.306612365503
-1198.110689074813
-1245.4902930525036
-1050.1219715998109
-1230.125987188254
-1090.4181434839318
-1192.9842497422785
-1065.1151040654047
-1111.9312518683985
-1104.7577206563462
-1251.0299524694242
-1106.451407156703
-1168.4382337152558
-1251.1258962801235
-1089.4445423423872
-1093.2661456670744
-1186.367415498551
-1198.9431909552127
-1236.3183926922784
-1209.837939384261
-1285.9763328389054
-1197.3199308497217
-1218.908555911605
-1297.46187922798
-1212.8292344879194
