20.57232072811527
87.64818473919115
88.01589300813565
90.49598605815449
92.58720823662468
101.41955953305417
115.27812663991283
122.56862587139466
182.2438929292686
174.36906588750165
216.6254976713099
481.4702655176071
660.0046114868095
159.89619534065795
219.64394386064805
234.4074170475884
2095.590249749822
327.4769491905809
162.61382667067147
2147.321354064289
434.02162874708483
386.71632430221064
200.97970173301616
263.9410101496367
603.6021850998336
170.44859621098038
211.62396124243898
1080.7818016276055
2128.4984992421378
169.16193490411112
