20.653601435704893
725.4817110704712
84.58355159124777
77.26262150565624
73.65319290509338
73.43458684822602
70.60580114881382
71.31727065489382
71.16570819025297
72.44487472596249
71.97901029445777
73.13900721613118
70.6803640751386
71.66152276120121
70.97550022154641
72.06956113288538
72.12885829004543
70.20575250408599
73.07095848413628
74.03055159721953
73.18144352805632
73.53610332505568
71.69386295683861
71.7505698353555
72.88964622556725
71.34432931866151
72.05506811145327
71.54299132610336
71.31044189498166
71.23577709150875
