-31.46852156572044
30.632483800547234
25.972221676095888
25.540902121581663
24.168445120925178
23.97104335780369
22.787408517857696
23.14276959285956
24.912753319181
25.286013530229116
25.03829470890044
26.259633051896653
27.482233663244337
27.767048827626976
26.64183334581873
27.779011042229968
27.32594121738211
29.289082440130624
27.742565927201223
27.593292518340558
29.05865096541432
26.25813210151408
27.719486893710123
27.478919490259624
28.104812637843605
28.44630343603792
27.81500418771333
27.009637860196943
28.224654041863342
28.592619074004137
