-30.26744284878685
58.78281954303435
37.075917253691294
34.521210140231695
35.004133396610364
34.33186001647355
30.49445853052958
39.84452360302089
33.066485247592
27.270254091397817
36.26542343456321
37.7611357690388
35.16516505850525
38.214538898864305
39.07836209319221
34.524071641733336
35.96535142267987
36.88153100394766
39.82643304711163
38.895084684550895
38.5106883492047
42.92661975809746
48.54090336775911
42.9892971955575
43.24665186419691
45.400158947308206
35.95021445403067
42.38708168057803
44.73385390565402
41.027424489305325
