228.9576573252526
328.43273889249843
255.4869788530471
269.16113511810397
184.0815139373527
210.01300521102831
119.24460982616287
41.33967139559538
292.2586737801363
309.87194645145325
326.0013456316973
126.53861120741041
188.89276311934375
261.40959449996166
197.51968804155348
235.00436639724052
249.52413316593595
7.860387394626254
56.11611811253819
204.121476968225
-4.148752319292794
46.32442336857345
42.28383196813955
245.45546070805563
108.28173267705561
-71.07468386144608
-4.16240307085978
143.31254666516324
-47.43990486085673
-126.23839400578446
