398.4868314203644
278.3040222482961
146.9663057929982
335.1676960241938
532.006988912273
433.38425676354666
194.94347017117252
352.7677239343659
171.72955357744678
335.06713640190424
56.22466227843108
89.1477942898184
81.59962516578975
-25.48265736704783
-30.444843599152964
97.37884170530882
81.12101477709372
-102.1044959876307
-263.9555745566062
-450.1179990140142
-74.82467436002698
-70.96946060070039
-164.14917818119926
-505.6412552122217
-649.9537723878738
-348.73030454467107
-554.7506476028412
-502.29866766955604
-1466.7497060741973
-1700.7650420203877
