141.98239282669812
11.707436342425751
8.134117630766289
32.61886926619579
168.76665785851063
36.31461725461255
25.83860472761298
-27.0285055093545
116.5144598089697
-18.521283282063575
235.55839764346268
-0.16001758959758838
93.81432256604906
295.80163951610456
78.83311454214999
-38.967980822514285
92.03194504418651
63.853421074281464
-9.325394167510998
134.281534884093
7.948779125115776
-168.87662609854016
114.49628844142266
-79.07348468873248
-33.15097904906871
36.31827775972336
-59.263284202652045
-35.76589731392017
-244.4649078938149
-222.9500763873817
