387.87981345151064
115.87018394633715
208.3028355858308
245.04621148585136
260.884522393416
61.831684553460185
119.01497731404082
96.60032734728016
152.54443590435986
178.17034367886524
111.01938965464066
184.2069475098527
221.58950917375054
73.81740692405579
328.8212341190126
326.40479703834256
178.6673013707783
-505.4183620852291
-755.8768472698814
-267.6032097890207
-558.6799354747671
62.34305344900931
-565.2992955690759
-290.6948763315683
-380.67290696586707
-823.7294824355179
-1267.4164561013451
-955.0072296299244
-1346.2990298755892
-1242.1561819023084
