-91.06572265259446
-114.25912468062174
-28.06861621947744
-115.30376996153561
-18.836734879505972
-120.26159698967264
-125.10849657686715
-125.31336964159843
-27.709953410775093
-56.89365476075624
45.947577065422934
103.72732682662104
161.31938509441807
12.559602442916951
-21.321829453547792
-79.11970143254382
-22.544345148074772
114.38812935925695
-29.506354478120016
-43.799005984577335
-23.063327183300164
-58.01142042205485
-53.58810144804696
12.968164569288339
175.55081174297845
-2.9705474912986887
-43.911140351443926
-28.70837964802907
-18.105572764908125
-15.722062075581661
