-100.77776329129522
-70.23196978401548
-11.09373992670761
-15.610818533146752
-32.271128693018554
-4.403434746564361
-34.13260867683839
96.27887167612663
-81.3856315544558
-50.433599985963156
-14.190854484508975
-4.887334836617406
216.33564841126147
-31.528856589026542
-2.2215427531623604
52.29973881937181
13.068522185615642
211.58586910333085
-56.3633237058765
-57.07141688031902
-90.20688884893252
223.85420806577562
-40.37275529269502
250.68053085445717
73.32708717866521
221.01400210031522
-43.00500339360235
-60.56498295947392
-86.58331048253592
67.16633580223385
