-108.2513462473727
-120.78576446490995
-65.19506553809748
-95.74994414779867
69.30078202548948
-98.42981718528256
-96.4537563344815
140.87602278819324
15.863202160397847
85.13860185051337
36.73661767784881
-29.426245754900698
-73.81828895076886
-7.932086164246289
74.78056104105346
-45.85622984231163
-59.93137033901678
-76.87959393798899
-91.22870274090754
-7.313977399438308
-69.95196814554379
-92.82399126691173
62.116357588151864
54.445697242165494
72.3325051765016
101.93496017694915
-60.05159479637954
-72.55667495114228
-67.34520274150401
-87.38731396876665
