-106.41976047342985
-110.18237192411824
-38.22517592231677
12.783498877214123
-7.3443305750757935
34.231295218322714
-66.27203561997842
-45.80015494422995
85.99277342631508
212.8261205132622
229.77301961508866
-85.37252124419815
225.3375090219611
23.22273440149921
-7.064046901409256
30.36483966070324
-60.97056225585163
20.7814206250562
22.39934678678901
-78.68098066643743
9.112269400513199
80.47322236852386
-41.23357366428537
-63.81430852048566
-15.54180525784841
207.60137713814828
-46.67092182283832
-99.6428633364397
-77.23165293564222
-70.71643290684294
