-1106.936570871686
-1106.0121721632343
-1359.9865282570513
-1278.8704480724002
-993.0882367919202
-1156.5205928348018
-965.2818813698457
268.6222223567657
317.916539187754
541.3770676740326
381.8816075342618
318.39150775977623
128.0206044688094
102.94308644526603
-60.67568238278187
-682.9856065251847
-763.1511379702065
-944.0064140402517
-905.1660623204477
-745.5812520552855
-814.1162652464111
-859.3297815613646
-1472.6621700853204
-1012.0752731882018
-1346.277670637435
-1198.489331916166
-838.5071029024283
-782.1732674448295
-819.65485755653
-1231.7381991452685
