-1012.3077626333578
-1063.8377518208308
-1009.5754342691
-1054.9415467827198
-278.8762051558495
-976.0507935861684
-988.1656306247759
-569.188918322549
-416.1992723770917
-530.9626107107139
-1034.4006035567988
-885.6048375112815
-1115.8047103821496
-1089.4272222275463
-1029.910865582811
-1040.910056417409
-695.9091614145503
-1108.6285618623724
-1042.8343095450905
-1044.5349633382223
-1160.8396818517917
-1121.439578684628
-162.76050942723523
-1320.18744907127
-1204.0148477883192
-419.7734428568093
-828.5158447489065
209.08849414603463
-12.532603393316064
-786.109927540791
