-1178.252090338957
-1030.9144329814774
-1074.4104515888655
-1026.7213462991276
-1071.343876956454
-1031.1366547548776
-1001.0554367448566
-1029.2069658425075
-1156.0267229971598
-1137.3461990994783
-1068.7652326815542
-1074.430702550921
-1093.5861155112611
-1069.0048016587712
-1046.798639792338
-1062.0438885073202
-1009.1419746678002
-1024.108115477753
-998.555830802387
-937.368412180814
-1020.8202049182828
-1024.531533813645
-1060.9598933885497
-1024.6712387028388
-954.5917375483142
-961.6553438784088
-917.2887435875867
-843.5006525346166
-1079.6801203016316
-1012.1077709786404
