-914.5887546844612
-2683.7757147705092
-1088.9869736665391
-1455.8348703552697
-1174.69904722051
125.11680730504331
444.85281882610866
-1170.559997611957
-1192.9023529039675
-122.20268641959714
705.0909692853563
642.561226817961
334.5858529959255
315.47938028969065
395.8836255554427
-980.6179150630212
-598.9225969732504
391.0024054716459
584.4048538999899
-238.2612934900096
149.23603307211027
-746.5141828867406
-363.5159723950433
253.6484820414814
199.62118498751823
-1155.3553053157893
611.323394562797
-123.31822587206972
37.8273635640144
-1117.7421096972614
