20.57232072811527
-0.30059074316073603
23.355649169078834
55.294898326777826
30.23104048057587
88.86845363668296
107.88268912064959
56.860317211323924
58.94972668409977
62.229712607212065
94.56829343538395
92.4259790776507
32.89554733240382
43.244975106769886
71.90787982192
70.16988070285373
89.77116081868606
100.87153350689205
128.0827551772524
130.99489193154076
126.86840361604958
124.81272204184833
119.35711765983537
208.10732211247887
167.1253413246634
228.4680248277833
144.50052738301815
154.27620643002527
277.3657647817746
110.27803101183571
