20.653601435704893
-12.46327702210858
-4.1759422168069635
31.80117841563857
31.227398407196876
63.546051403485905
26.93286473086746
43.83131616845213
43.30719380457895
53.6276859335351
80.98087220537475
42.24308517184968
73.61537722837363
115.47121614293057
107.55901076861164
72.1386798842847
58.08371556083877
97.45685722071472
95.02172194457394
84.89598388258656
105.43013347896876
108.47459082506275
102.54237357783694
78.57342470340747
92.17630596941558
103.69723187208594
95.70530805747616
93.98079400354682
209.29148120095152
134.35003161866015
