20.6946647221609
-9.64865473061217
-6.3709971240080865
53.51728494353436
57.42384080431007
54.760665257837566
29.23603894885176
54.697389800904695
37.184744671267055
93.39343829458868
49.44341366626017
87.62820686749433
76.48915722699448
67.87802996099498
95.1899679855638
76.05002291739017
86.81980618600953
88.88738793493188
77.98309430084987
98.82907753115423
115.81689411523718
106.97909804246963
180.84771625305123
230.05162913791114
249.1228364748936
217.18090405803736
143.90227453236372
110.08044797017943
270.5754535999881
237.6620627071691
