20.6692985559957
7.178408657236577
33.57065521630924
45.78607998894229
28.721068411685096
74.35139859392456
52.22268616516966
61.053594036289056
79.17294087983056
61.27653665136581
57.254912575056444
81.87482215497167
71.43839597215273
108.58522852359098
378.4749534280788
113.02662465471828
98.32683226447041
132.82068305553577
80.35789275244305
147.06143215523232
83.5724176830323
141.3858998206059
77.3418086522193
180.7975885480206
205.84830898836017
114.53415083332173
130.3867770768885
234.2059497768296
155.99145607366705
108.23298685387729
