-30.701766102111588
-59.8939190460906
-32.37228591078071
-43.420912540986535
-27.070599517121966
-24.350350308118113
-24.626006884606067
-23.817874864649035
-22.681901219285173
-20.77916198274632
-17.39303259746199
-27.5412212979506
-22.24726116370387
-28.244961934690558
-26.579614120446333
-10.910109262181626
-23.1515046387345
-16.925460523066203
-11.013561829660125
-26.410403242576212
-26.19063924918202
-38.21741432964952
-29.056040625509922
-25.882709684052486
-10.76603284970596
-9.890713180935341
-15.503799261802909
-23.89204278341055
-36.466874854929564
-31.45601265138184
