-28.91673156258361
-31.45653917467483
-13.305387003528104
1.0191934348876865
-28.983442673644856
-16.774161867698854
17.517742819629312
-8.546974092523195
-13.018845782872404
-17.150206919907284
-45.78165423528373
-23.884332105574476
-11.142663394481241
-24.891289173319862
25.776396805347147
-7.151251069703674
-12.115083457882319
-5.818414844629628
7.772659699795826
-22.356452670673924
-3.4558954521610312
-16.4556676319291
-14.606562038656921
-6.384801335548952
-26.437525892496733
-17.6644269264337
-7.603127648055234
-10.80182341086653
-5.838765265638639
-9.390660012164954
