-31.468521565720586
-4.544460389785519
-21.625380622737964
-22.362065160313314
3.331872981193797
-5.570791093573086
7.590591374475815
-3.5151352095356483
19.349908694001886
21.010102216896332
25.907693843563735
12.729746614400012
21.45292192505137
8.095061573366685
12.901076343090114
23.36030035693343
21.775808486521807
21.73744459917913
22.93676233768719
35.069519069614145
11.498180391863821
39.45442720582206
2.212920385931698
24.067727290086243
46.18750181754969
17.92347154045812
23.03606045058652
15.341942333167372
10.275894688536207
4.025120109603151
