-30.26744284878685
-17.370832811716383
-10.866242179948495
-31.6831665353955
-3.6473569421682015
-49.836816354201154
-6.8845866761690795
-34.581712740542216
-15.711373916105464
-2.2946401881572323
-5.8459934497818935
11.01142719196329
-13.345413610463478
3.702356424007198
-8.661833365935108
-14.480964104039698
7.146434850778537
-19.394427892529833
2.8472640333560766
-3.610181500619568
-4.792851409628175
-15.688799218532177
6.287713161856691
2.9980112236049687
12.87584207670661
10.220546533527955
10.596587428412262
11.985182692904072
2.0426624840808336
-1.7602502457497442
