17.318958044279956
30.8070071068893
142.59250475509282
18.762420680257257
194.06951972667736
48.05447558295866
28.471802425414683
24.11237060389676
24.23767044914284
14.412700560652492
34.58579958918302
17.117938940073902
23.6093744614586
17.4086836695275
23.00148352163887
40.81476886146286
20.002233594515932
21.579631644308485
19.833052062329358
22.02362275753467
48.769963142701954
22.65126846477142
17.37396058605463
34.49353484920588
51.549471164693315
57.22627205801769
21.695640368523303
19.17417357958624
10.950380874525221
57.83022827726741
