17.13712502298703
125.19107560556571
47.07236049720803
64.31454545379384
61.916874639818985
54.33348606389381
28.28540523217414
25.058228449502906
27.595564710398776
17.980609514587087
41.13101600214242
19.77608777757509
17.92922037866363
32.986081475792155
20.27441673205104
22.22969806345178
17.384290896422165
21.035180743504878
46.42224804294617
29.657433755029842
20.22171072339515
38.05263611624723
26.967964625441333
18.205345800241957
19.381540030144972
22.973271065114098
18.36579485368153
147.17920326134117
12.999120993651404
40.765917807414375
