18.095603291519186
9.130798520355215
77.5671617482186
465.1350137918304
185.44923724516653
37.71653780236033
24.399731286323497
9.639772554426033
12.124094028785048
15.259730594668339
15.967195258010774
15.716277861770005
20.46913473916298
18.99930644926546
18.188357774641933
14.909045875469728
25.044964403161202
15.494540408683388
12.531020436373023
10.52503472351651
15.012697406565088
13.237474440933713
15.137701070227395
13.910755051088524
12.737193842180089
13.93644210199678
12.756915748398917
18.513051753823007
13.476924678351821
16.507373683560143
