17.37877188291728
47.67486678554144
35.589573853065296
60.90596825114234
84.13761114763915
67.29797464734904
229.64786259579216
74.55807638044513
54.31875674143376
34.502087854272894
74.38481427636275
86.67031386127178
22.51181306516291
70.08664701512512
68.76014664803778
31.62415872238793
66.94204976183528
21.76362805835639
19.931622107737315
69.85525840828319
20.810082853190256
18.32313559569152
22.12416510382989
20.019743084218018
19.286121629765187
46.1742516543867
19.975027600253515
19.994462390247882
20.094235159342126
20.259407615904447
